#   AZ      ZA       Sigma                      Delay Setting
#------- -------- ------------ -----------------------------------------------
  0.0000   0.0000 0.000000e+00 00 00 00 00 00 00 00 00 00 00 00 00 00 00 00 00
  0.0000   6.8088 1.219200e-08 03 03 03 03 02 02 02 02 01 01 01 01 00 00 00 00
 90.0000   6.8088 1.219200e-08 00 01 02 03 00 01 02 03 00 01 02 03 00 01 02 03
180.0000   6.8088 1.219200e-08 00 00 00 00 01 01 01 01 02 02 02 02 03 03 03 03
270.0000   6.8088 1.219200e-08 03 02 01 00 03 02 01 00 03 02 01 00 03 02 01 00
 45.0000   9.6520 1.724300e-08 03 04 05 06 02 03 04 05 01 02 03 04 00 01 02 03
135.0000   9.6520 1.724300e-08 00 01 02 03 01 02 03 04 02 03 04 05 03 04 05 06
225.0000   9.6520 1.724300e-08 03 02 01 00 04 03 02 01 05 04 03 02 06 05 04 03
315.0000   9.6520 1.724300e-08 06 05 04 03 05 04 03 02 04 03 02 01 03 02 01 00
  0.0000  13.7162 2.438500e-08 06 06 06 06 04 04 04 04 02 02 02 02 00 00 00 00
 90.0000  13.7162 2.438500e-08 00 02 04 06 00 02 04 06 00 02 04 06 00 02 04 06
180.0000  13.7162 2.438500e-08 00 00 00 00 02 02 02 02 04 04 04 04 06 06 06 06
270.0000  13.7162 2.438500e-08 06 04 02 00 06 04 02 00 06 04 02 00 06 04 02 00
 26.5651  15.3729 2.726300e-08 06 07 08 09 04 05 06 07 02 03 04 05 00 01 02 03
 63.4349  15.3729 2.726300e-08 03 05 07 09 02 04 06 08 01 03 05 07 00 02 04 06
116.5651  15.3729 2.726300e-08 00 02 04 06 01 03 05 07 02 04 06 08 03 05 07 09
153.4349  15.3729 2.726300e-08 00 01 02 03 02 03 04 05 04 05 06 07 06 07 08 09
206.5651  15.3729 2.726300e-08 03 02 01 00 05 04 03 02 07 06 05 04 09 08 07 06
243.4349  15.3729 2.726300e-08 06 04 02 00 07 05 03 01 08 06 04 02 09 07 05 03
296.5651  15.3729 2.726300e-08 09 07 05 03 08 06 04 02 07 05 03 01 06 04 02 00
333.4349  15.3729 2.726300e-08 09 08 07 06 07 06 05 04 05 04 03 02 03 02 01 00
 45.0000  19.5925 3.448500e-08 06 08 10 12 04 06 08 10 02 04 06 08 00 02 04 06
135.0000  19.5925 3.448500e-08 00 02 04 06 02 04 06 08 04 06 08 10 06 08 10 12
225.0000  19.5925 3.448500e-08 06 04 02 00 08 06 04 02 10 08 06 04 12 10 08 06
315.0000  19.5925 3.448500e-08 12 10 08 06 10 08 06 04 08 06 04 02 06 04 02 00
  0.0000  20.8345 3.657700e-08 09 09 09 09 06 06 06 06 03 03 03 03 00 00 00 00
 90.0000  20.8345 3.657700e-08 00 03 06 09 00 03 06 09 00 03 06 09 00 03 06 09
180.0000  20.8345 3.657700e-08 00 00 00 00 03 03 03 03 06 06 06 06 09 09 09 09
270.0000  20.8345 3.657700e-08 09 06 03 00 09 06 03 00 09 06 03 00 09 06 03 00
 18.4349  22.0187 3.855600e-08 09 10 11 12 06 07 08 09 03 04 05 06 00 01 02 03
 71.5651  22.0187 3.855600e-08 03 06 09 12 02 05 08 11 01 04 07 10 00 03 06 09
108.4349  22.0187 3.855600e-08 00 03 06 09 01 04 07 10 02 05 08 11 03 06 09 12
161.5651  22.0187 3.855600e-08 00 01 02 03 03 04 05 06 06 07 08 09 09 10 11 12
198.4349  22.0187 3.855600e-08 03 02 01 00 06 05 04 03 09 08 07 06 12 11 10 09
251.5651  22.0187 3.855600e-08 09 06 03 00 10 07 04 01 11 08 05 02 12 09 06 03
288.4349  22.0187 3.855600e-08 12 09 06 03 11 08 05 02 10 07 04 01 09 06 03 00
341.5651  22.0187 3.855600e-08 12 11 10 09 09 08 07 06 06 05 04 03 03 02 01 00
 33.6901  25.3066 4.396000e-08 09 11 13 15 06 08 10 12 03 05 07 09 00 02 04 06
 56.3099  25.3066 4.396000e-08 06 09 12 15 04 07 10 13 02 05 08 11 00 03 06 09
123.6901  25.3066 4.396000e-08 00 03 06 09 02 05 08 11 04 07 10 13 06 09 12 15
146.3099  25.3066 4.396000e-08 00 02 04 06 03 05 07 09 06 08 10 12 09 11 13 15
213.6901  25.3066 4.396000e-08 06 04 02 00 09 07 05 03 12 10 08 06 15 13 11 09
236.3099  25.3066 4.396000e-08 09 06 03 00 11 08 05 02 13 10 07 04 15 12 09 06
303.6901  25.3066 4.396000e-08 15 12 09 06 13 10 07 04 11 08 05 02 09 06 03 00
326.3099  25.3066 4.396000e-08 15 13 11 09 12 10 08 06 09 07 05 03 06 04 02 00
  0.0000  28.3090 4.876900e-08 12 12 12 12 08 08 08 08 04 04 04 04 00 00 00 00
 90.0000  28.3090 4.876900e-08 00 04 08 12 00 04 08 12 00 04 08 12 00 04 08 12
180.0000  28.3090 4.876900e-08 00 00 00 00 04 04 04 04 08 08 08 08 12 12 12 12
270.0000  28.3090 4.876900e-08 12 08 04 00 12 08 04 00 12 08 04 00 12 08 04 00
 14.0362  29.2631 5.027000e-08 12 13 14 15 08 09 10 11 04 05 06 07 00 01 02 03
 75.9638  29.2631 5.027000e-08 03 07 11 15 02 06 10 14 01 05 09 13 00 04 08 12
104.0362  29.2631 5.027000e-08 00 04 08 12 01 05 09 13 02 06 10 14 03 07 11 15
165.9638  29.2631 5.027000e-08 00 01 02 03 04 05 06 07 08 09 10 11 12 13 14 15
194.0362  29.2631 5.027000e-08 03 02 01 00 07 06 05 04 11 10 09 08 15 14 13 12
255.9638  29.2631 5.027000e-08 12 08 04 00 13 09 05 01 14 10 06 02 15 11 07 03
284.0362  29.2631 5.027000e-08 15 11 07 03 14 10 06 02 13 09 05 01 12 08 04 00
345.9638  29.2631 5.027000e-08 15 14 13 12 11 10 09 08 07 06 05 04 03 02 01 00
 45.0000  30.1982 5.172800e-08 09 12 15 18 06 09 12 15 03 06 09 12 00 03 06 09
135.0000  30.1982 5.172800e-08 00 03 06 09 03 06 09 12 06 09 12 15 09 12 15 18
225.0000  30.1982 5.172800e-08 09 06 03 00 12 09 06 03 15 12 09 06 18 15 12 09
315.0000  30.1982 5.172800e-08 18 15 12 09 15 12 09 06 12 09 06 03 09 06 03 00
 26.5651  32.0190 5.452600e-08 12 14 16 18 08 10 12 14 04 06 08 10 00 02 04 06
 63.4349  32.0190 5.452600e-08 06 10 14 18 04 08 12 16 02 06 10 14 00 04 08 12
116.5651  32.0190 5.452600e-08 00 04 08 12 02 06 10 14 04 08 12 16 06 10 14 18
153.4349  32.0190 5.452600e-08 00 02 04 06 04 06 08 10 08 10 12 14 12 14 16 18
206.5651  32.0190 5.452600e-08 06 04 02 00 10 08 06 04 14 12 10 08 18 16 14 12
243.4349  32.0190 5.452600e-08 12 08 04 00 14 10 06 02 16 12 08 04 18 14 10 06
296.5651  32.0190 5.452600e-08 18 14 10 06 16 12 08 04 14 10 06 02 12 08 04 00
333.4349  32.0190 5.452600e-08 18 16 14 12 14 12 10 08 10 08 06 04 06 04 02 00
  0.0000  36.3547 6.096200e-08 15 15 15 15 10 10 10 10 05 05 05 05 00 00 00 00
 36.8699  36.3547 6.096200e-08 12 15 18 21 08 11 14 17 04 07 10 13 00 03 06 09
 53.1301  36.3547 6.096200e-08 09 13 17 21 06 10 14 18 03 07 11 15 00 04 08 12
 90.0000  36.3547 6.096200e-08 00 05 10 15 00 05 10 15 00 05 10 15 00 05 10 15
126.8699  36.3547 6.096200e-08 00 04 08 12 03 07 11 15 06 10 14 18 09 13 17 21
143.1301  36.3547 6.096200e-08 00 03 06 09 04 07 10 13 08 11 14 17 12 15 18 21
180.0000  36.3547 6.096200e-08 00 00 00 00 05 05 05 05 10 10 10 10 15 15 15 15
216.8699  36.3547 6.096200e-08 09 06 03 00 13 10 07 04 17 14 11 08 21 18 15 12
233.1301  36.3547 6.096200e-08 12 08 04 00 15 11 07 03 18 14 10 06 21 17 13 09
270.0000  36.3547 6.096200e-08 15 10 05 00 15 10 05 00 15 10 05 00 15 10 05 00
306.8699  36.3547 6.096200e-08 21 17 13 09 18 14 10 06 15 11 07 03 12 08 04 00
323.1301  36.3547 6.096200e-08 21 18 15 12 17 14 11 08 13 10 07 04 09 06 03 00
 11.3099  37.1944 6.216900e-08 15 16 17 18 10 11 12 13 05 06 07 08 00 01 02 03
 78.6901  37.1944 6.216900e-08 03 08 13 18 02 07 12 17 01 06 11 16 00 05 10 15
101.3099  37.1944 6.216900e-08 00 05 10 15 01 06 11 16 02 07 12 17 03 08 13 18
168.6901  37.1944 6.216900e-08 00 01 02 03 05 06 07 08 10 11 12 13 15 16 17 18
191.3099  37.1944 6.216900e-08 03 02 01 00 08 07 06 05 13 12 11 10 18 17 16 15
258.6901  37.1944 6.216900e-08 15 10 05 00 16 11 06 01 17 12 07 02 18 13 08 03
281.3099  37.1944 6.216900e-08 18 13 08 03 17 12 07 02 16 11 06 01 15 10 05 00
348.6901  37.1944 6.216900e-08 18 17 16 15 13 12 11 10 08 07 06 05 03 02 01 00
 21.8014  39.6761 6.565800e-08 15 17 19 21 10 12 14 16 05 07 09 11 00 02 04 06
 68.1986  39.6761 6.565800e-08 06 11 16 21 04 09 14 19 02 07 12 17 00 05 10 15
111.8014  39.6761 6.565800e-08 00 05 10 15 02 07 12 17 04 09 14 19 06 11 16 21
158.1986  39.6761 6.565800e-08 00 02 04 06 05 07 09 11 10 12 14 16 15 17 19 21
201.8014  39.6761 6.565800e-08 06 04 02 00 11 09 07 05 16 14 12 10 21 19 17 15
248.1986  39.6761 6.565800e-08 15 10 05 00 17 12 07 02 19 14 09 04 21 16 11 06
291.8014  39.6761 6.565800e-08 21 16 11 06 19 14 09 04 17 12 07 02 15 10 05 00
338.1986  39.6761 6.565800e-08 21 19 17 15 16 14 12 10 11 09 07 05 06 04 02 00
 45.0000  42.1178 6.897000e-08 12 16 20 24 08 12 16 20 04 08 12 16 00 04 08 12
135.0000  42.1178 6.897000e-08 00 04 08 12 04 08 12 16 08 12 16 20 12 16 20 24
225.0000  42.1178 6.897000e-08 12 08 04 00 16 12 08 04 20 16 12 08 24 20 16 12
315.0000  42.1178 6.897000e-08 24 20 16 12 20 16 12 08 16 12 08 04 12 08 04 00
 30.9638  43.7329 7.109300e-08 15 18 21 24 10 13 16 19 05 08 11 14 00 03 06 09
 59.0362  43.7329 7.109300e-08 09 14 19 24 06 11 16 21 03 08 13 18 00 05 10 15
120.9638  43.7329 7.109300e-08 00 05 10 15 03 08 13 18 06 11 16 21 09 14 19 24
149.0362  43.7329 7.109300e-08 00 03 06 09 05 08 11 14 10 13 16 19 15 18 21 24
210.9638  43.7329 7.109300e-08 09 06 03 00 14 11 08 05 19 16 13 10 24 21 18 15
239.0362  43.7329 7.109300e-08 15 10 05 00 18 13 08 03 21 16 11 06 24 19 14 09
300.9638  43.7329 7.109300e-08 24 19 14 09 21 16 11 06 18 13 08 03 15 10 05 00
329.0362  43.7329 7.109300e-08 24 21 18 15 19 16 13 10 14 11 08 05 09 06 03 00
  0.0000  45.3440 7.315400e-08 18 18 18 18 12 12 12 12 06 06 06 06 00 00 00 00
 90.0000  45.3440 7.315400e-08 00 06 12 18 00 06 12 18 00 06 12 18 00 06 12 18
180.0000  45.3440 7.315400e-08 00 00 00 00 06 06 06 06 12 12 12 12 18 18 18 18
270.0000  45.3440 7.315400e-08 18 12 06 00 18 12 06 00 18 12 06 00 18 12 06 00
  9.4623  46.1496 7.416300e-08 18 19 20 21 12 13 14 15 06 07 08 09 00 01 02 03
 80.5377  46.1496 7.416300e-08 03 09 15 21 02 08 14 20 01 07 13 19 00 06 12 18
 99.4623  46.1496 7.416300e-08 00 06 12 18 01 07 13 19 02 08 14 20 03 09 15 21
170.5377  46.1496 7.416300e-08 00 01 02 03 06 07 08 09 12 13 14 15 18 19 20 21
189.4623  46.1496 7.416300e-08 03 02 01 00 09 08 07 06 15 14 13 12 21 20 19 18
260.5377  46.1496 7.416300e-08 18 12 06 00 19 13 07 01 20 14 08 02 21 15 09 03
279.4623  46.1496 7.416300e-08 21 15 09 03 20 14 08 02 19 13 07 01 18 12 06 00
350.5377  46.1496 7.416300e-08 21 20 19 18 15 14 13 12 09 08 07 06 03 02 01 00
 18.4349  48.5745 7.711100e-08 18 20 22 24 12 14 16 18 06 08 10 12 00 02 04 06
 71.5651  48.5745 7.711100e-08 06 12 18 24 04 10 16 22 02 08 14 20 00 06 12 18
108.4349  48.5745 7.711100e-08 00 06 12 18 02 08 14 20 04 10 16 22 06 12 18 24
161.5651  48.5745 7.711100e-08 00 02 04 06 06 08 10 12 12 14 16 18 18 20 22 24
198.4349  48.5745 7.711100e-08 06 04 02 00 12 10 08 06 18 16 14 12 24 22 20 18
251.5651  48.5745 7.711100e-08 18 12 06 00 20 14 08 02 22 16 10 04 24 18 12 06
288.4349  48.5745 7.711100e-08 24 18 12 06 22 16 10 04 20 14 08 02 18 12 06 00
341.5651  48.5745 7.711100e-08 24 22 20 18 18 16 14 12 12 10 08 06 06 04 02 00
 38.6598  49.3877 7.806900e-08 15 19 23 27 10 14 18 22 05 09 13 17 00 04 08 12
 51.3402  49.3877 7.806900e-08 12 17 22 27 08 13 18 23 04 09 14 19 00 05 10 15
128.6598  49.3877 7.806900e-08 00 05 10 15 04 09 14 19 08 13 18 23 12 17 22 27
141.3402  49.3877 7.806900e-08 00 04 08 12 05 09 13 17 10 14 18 22 15 19 23 27
218.6598  49.3877 7.806900e-08 12 08 04 00 17 13 09 05 22 18 14 10 27 23 19 15
231.3402  49.3877 7.806900e-08 15 10 05 00 19 14 09 04 23 18 13 08 27 22 17 12
308.6598  49.3877 7.806900e-08 27 22 17 12 23 18 13 08 19 14 09 04 15 10 05 00
321.3402  49.3877 7.806900e-08 27 23 19 15 22 18 14 10 17 13 09 05 12 08 04 00
 26.5651  52.6837 8.178900e-08 18 21 24 27 12 15 18 21 06 09 12 15 00 03 06 09
 63.4349  52.6837 8.178900e-08 09 15 21 27 06 12 18 24 03 09 15 21 00 06 12 18
116.5651  52.6837 8.178900e-08 00 06 12 18 03 09 15 21 06 12 18 24 09 15 21 27
153.4349  52.6837 8.178900e-08 00 03 06 09 06 09 12 15 12 15 18 21 18 21 24 27
206.5651  52.6837 8.178900e-08 09 06 03 00 15 12 09 06 21 18 15 12 27 24 21 18
243.4349  52.6837 8.178900e-08 18 12 06 00 21 15 09 03 24 18 12 06 27 21 15 09
296.5651  52.6837 8.178900e-08 27 21 15 09 24 18 12 06 21 15 09 03 18 12 06 00
333.4349  52.6837 8.178900e-08 27 24 21 18 21 18 15 12 15 12 09 06 09 06 03 00
  0.0000  56.0880 8.534600e-08 21 21 21 21 14 14 14 14 07 07 07 07 00 00 00 00
 90.0000  56.0880 8.534600e-08 00 07 14 21 00 07 14 21 00 07 14 21 00 07 14 21
180.0000  56.0880 8.534600e-08 00 00 00 00 07 07 07 07 14 14 14 14 21 21 21 21
270.0000  56.0880 8.534600e-08 21 14 07 00 21 14 07 00 21 14 07 00 21 14 07 00
  8.1301  56.9632 8.621300e-08 21 22 23 24 14 15 16 17 07 08 09 10 00 01 02 03
 45.0000  56.9632 8.621300e-08 15 20 25 30 10 15 20 25 05 10 15 20 00 05 10 15
 81.8699  56.9632 8.621300e-08 03 10 17 24 02 09 16 23 01 08 15 22 00 07 14 21
 98.1301  56.9632 8.621300e-08 00 07 14 21 01 08 15 22 02 09 16 23 03 10 17 24
135.0000  56.9632 8.621300e-08 00 05 10 15 05 10 15 20 10 15 20 25 15 20 25 30
171.8699  56.9632 8.621300e-08 00 01 02 03 07 08 09 10 14 15 16 17 21 22 23 24
188.1301  56.9632 8.621300e-08 03 02 01 00 10 09 08 07 17 16 15 14 24 23 22 21
225.0000  56.9632 8.621300e-08 15 10 05 00 20 15 10 05 25 20 15 10 30 25 20 15
261.8699  56.9632 8.621300e-08 21 14 07 00 22 15 08 01 23 16 09 02 24 17 10 03
278.1301  56.9632 8.621300e-08 24 17 10 03 23 16 09 02 22 15 08 01 21 14 07 00
315.0000  56.9632 8.621300e-08 30 25 20 15 25 20 15 10 20 15 10 05 15 10 05 00
351.8699  56.9632 8.621300e-08 24 23 22 21 17 16 15 14 10 09 08 07 03 02 01 00
 33.6901  58.7512 8.792000e-08 18 22 26 30 12 16 20 24 06 10 14 18 00 04 08 12
 56.3099  58.7512 8.792000e-08 12 18 24 30 08 14 20 26 04 10 16 22 00 06 12 18
123.6901  58.7512 8.792000e-08 00 06 12 18 04 10 16 22 08 14 20 26 12 18 24 30
146.3099  58.7512 8.792000e-08 00 04 08 12 06 10 14 18 12 16 20 24 18 22 26 30
213.6901  58.7512 8.792000e-08 12 08 04 00 18 14 10 06 24 20 16 12 30 26 22 18
236.3099  58.7512 8.792000e-08 18 12 06 00 22 16 10 04 26 20 14 08 30 24 18 12
303.6901  58.7512 8.792000e-08 30 24 18 12 26 20 14 08 22 16 10 04 18 12 06 00
326.3099  58.7512 8.792000e-08 30 26 22 18 24 20 16 12 18 14 10 06 12 08 04 00
 15.9454  59.6669 8.876200e-08 21 23 25 27 14 16 18 20 07 09 11 13 00 02 04 06
 74.0546  59.6669 8.876200e-08 06 13 20 27 04 11 18 25 02 09 16 23 00 07 14 21
105.9454  59.6669 8.876200e-08 00 07 14 21 02 09 16 23 04 11 18 25 06 13 20 27
164.0546  59.6669 8.876200e-08 00 02 04 06 07 09 11 13 14 16 18 20 21 23 25 27
195.9454  59.6669 8.876200e-08 06 04 02 00 13 11 09 07 20 18 16 14 27 25 23 21
254.0546  59.6669 8.876200e-08 21 14 07 00 23 16 09 02 25 18 11 04 27 20 13 06
285.9454  59.6669 8.876200e-08 27 20 13 06 25 18 11 04 23 16 09 02 21 14 07 00
344.0546  59.6669 8.876200e-08 27 25 23 21 20 18 16 14 13 11 09 07 06 04 02 00
 23.1986  64.5418 9.285400e-08 21 24 27 30 14 17 20 23 07 10 13 16 00 03 06 09
 66.8014  64.5418 9.285400e-08 09 16 23 30 06 13 20 27 03 10 17 24 00 07 14 21
113.1986  64.5418 9.285400e-08 00 07 14 21 03 10 17 24 06 13 20 27 09 16 23 30
156.8014  64.5418 9.285400e-08 00 03 06 09 07 10 13 16 14 17 20 23 21 24 27 30
203.1986  64.5418 9.285400e-08 09 06 03 00 16 13 10 07 23 20 17 14 30 27 24 21
246.8014  64.5418 9.285400e-08 21 14 07 00 24 17 10 03 27 20 13 06 30 23 16 09
293.1986  64.5418 9.285400e-08 30 23 16 09 27 20 13 06 24 17 10 03 21 14 07 00
336.8014  64.5418 9.285400e-08 30 27 24 21 23 20 17 14 16 13 10 07 09 06 03 00
  0.0000  71.5232 9.753900e-08 24 24 24 24 16 16 16 16 08 08 08 08 00 00 00 00
 90.0000  71.5232 9.753900e-08 00 08 16 24 00 08 16 24 00 08 16 24 00 08 16 24
180.0000  71.5232 9.753900e-08 00 00 00 00 08 08 08 08 16 16 16 16 24 24 24 24
270.0000  71.5232 9.753900e-08 24 16 08 00 24 16 08 00 24 16 08 00 24 16 08 00
  7.1250  72.9078 9.829800e-08 24 25 26 27 16 17 18 19 08 09 10 11 00 01 02 03
 82.8750  72.9078 9.829800e-08 03 11 19 27 02 10 18 26 01 09 17 25 00 08 16 24
 97.1250  72.9078 9.829800e-08 00 08 16 24 01 09 17 25 02 10 18 26 03 11 19 27
172.8750  72.9078 9.829800e-08 00 01 02 03 08 09 10 11 16 17 18 19 24 25 26 27
187.1250  72.9078 9.829800e-08 03 02 01 00 11 10 09 08 19 18 17 16 27 26 25 24
262.8750  72.9078 9.829800e-08 24 16 08 00 25 17 09 01 26 18 10 02 27 19 11 03
277.1250  72.9078 9.829800e-08 27 19 11 03 26 18 10 02 25 17 09 01 24 16 08 00
352.8750  72.9078 9.829800e-08 27 26 25 24 19 18 17 16 11 10 09 08 03 02 01 00
