 0.1  980.2  
 0.100062  980.2  
 0.100125  980.2  
 0.100187  980.2  
 0.10025  980.2  
 0.100312  980.2  
 0.100375  980.2  
 0.100437  980.2  
 0.1005  980.2  
 0.100562  980.2  
 0.100625  980.2  
 0.100687  980.2  
 0.10075  980.2  
 0.100812  980.2  
 0.100875  980.2  
 0.100937  980.2  
 0.101  980.2  
 0.101062  980.2  
 0.101125  980.2  
 0.101187  980.2  
 0.10125  980.2  
 0.101312  980.2  
 0.101375  980.2  
 0.101437  980.2  
 0.1015  980.2  
 0.101562  980.2  
 0.101625  980.2  
 0.101688  980.2  
 0.10175  980.2  
 0.101813  980.2  
 0.101875  980.2  
 0.101938  980.2  
 0.102  980.2  
 0.102063  980.2  
 0.102125  980.2  
 0.102188  980.2  
 0.10225  980.2  
 0.102313  980.2  
 0.102375  980.2  
 0.102438  980.2  
 0.1025  980.2  
 0.102563  980.2  
 0.102625  980.2  
 0.102688  980.2  
 0.10275  980.2  
 0.102813  980.2  
 0.102875  980.2  
 0.102938  980.2  
 0.103  980.2  
 0.103063  980.2  
 0.103125  980.2  
 0.103188  980.2  
 0.10325  980.2  
 0.103313  980.2  
 0.103375  980.2  
 0.103438  980.2  
 0.1035  980.2  
 0.103563  980.2  
 0.103625  980.2  
 0.103688  980.2  
 0.10375  980.2  
 0.103813  980.2  
 0.103875  980.2  
 0.103938  980.2  
 0.104  980.2  
 0.104063  980.2  
 0.104125  980.2  
 0.104188  980.2  
 0.10425  980.2  
 0.104313  980.2  
 0.104375  980.2  
 0.104438  980.2  
 0.1045  980.2  
 0.104563  980.2  
 0.104625  980.2  
 0.104688  980.2  
 0.10475  980.2  
 0.104813  980.2  
 0.104875  980.2  
 0.104938  980.2  
 0.105  980.2  
 0.105063  980.2  
 0.105125  980.2  
 0.105188  980.2  
 0.10525  980.2  
 0.105313  980.2  
 0.105375  980.2  
 0.105438  980.2  
 0.1055  980.2  
 0.105563  980.2  
 0.105625  980.2  
 0.105688  980.2  
 0.10575  980.2  
 0.105813  980.2  
 0.105875  980.2  
 0.105938  980.2  
 0.106  980.2  
 0.106063  980.2  
 0.106125  980.2  
 0.106188  980.2  
 0.10625  980.2  
 0.106313  980.2  
 0.106375  980.2  
 0.106438  980.2  
 0.1065  980.2  
 0.106563  980.2  
 0.106625  980.2  
 0.106688  980.2  
 0.10675  980.2  
 0.106813  980.2  
 0.106875  980.2  
 0.106938  980.2  
 0.107  980.2  
 0.107063  980.2  
 0.107125  980.2  
 0.107188  980.2  
 0.10725  980.2  
 0.107313  980.2  
 0.107375  980.2  
 0.107438  980.2  
 0.1075  980.2  
 0.107563  980.2  
 0.107625  980.2  
 0.107688  980.2  
 0.10775  980.2  
 0.107813  980.2  
 0.107875  980.2  
 0.107938  980.2  
 0.108  980.2  
 0.108063  980.2  
 0.108125  980.2  
 0.108188  980.2  
 0.10825  980.2  
 0.108313  980.2  
 0.108375  980.2  
 0.108438  980.2  
 0.1085  980.2  
 0.108563  980.2  
 0.108625  980.2  
 0.108688  980.2  
 0.10875  980.2  
 0.108813  980.2  
 0.108875  980.2  
 0.108938  980.2  
 0.109  980.2  
 0.109063  980.2  
 0.109125  980.2  
 0.109188  980.2  
 0.10925  980.2  
 0.109313  980.2  
 0.109375  980.2  
 0.109438  980.2  
 0.1095  980.2  
 0.109563  980.2  
 0.109625  980.2  
 0.109688  980.2  
 0.10975  980.2  
 0.109813  980.2  
 0.109875  980.2  
 0.109938  980.2  
 0.11  980.2  
 0.110063  980.2  
 0.110125  980.2  
 0.110188  980.2  
 0.11025  980.2  
 0.110313  980.2  
 0.110375  980.2  
 0.110438  980.2  
 0.1105  980.2  
 0.110563  980.2  
 0.110625  980.2  
 0.110688  980.2  
 0.11075  980.2  
 0.110813  980.2  
 0.110875  980.2  
 0.110938  980.2  
 0.111  980.2  
 0.111063  980.2  
 0.111125  980.2  
 0.111188  980.2  
 0.11125  980.2  
 0.111313  980.2  
 0.111375  980.2  
 0.111438  980.2  
 0.1115  980.2  
 0.111563  980.2  
 0.111625  980.2  
 0.111688  980.2  
 0.11175  980.2  
 0.111813  980.2  
 0.111875  980.2  
 0.111938  980.2  
 0.112  980.2  
 0.112063  980.2  
 0.112125  980.2  
 0.112188  980.2  
 0.11225  980.2  
 0.112313  980.2  
 0.112375  980.2  
 0.112438  980.2  
 0.1125  980.2  
 0.112563  980.2  
 0.112625  980.2  
 0.112688  980.2  
 0.11275  980.2  
 0.112813  980.2  
 0.112875  980.2  
 0.112938  980.2  
 0.113  980.2  
 0.113063  980.2  
 0.113125  980.2  
 0.113188  980.2  
 0.11325  980.2  
 0.113313  980.2  
 0.113375  980.2  
 0.113438  980.2  
 0.1135  980.2  
 0.113563  980.2  
 0.113625  980.2  
 0.113688  980.2  
 0.11375  980.2  
 0.113813  980.2  
 0.113875  980.2  
 0.113938  980.2  
 0.114  980.2  
 0.114063  980.2  
 0.114125  980.2  
 0.114188  980.2  
 0.11425  980.2  
 0.114313  980.2  
 0.114375  980.2  
 0.114438  980.2  
 0.1145  980.2  
 0.114563  980.2  
 0.114625  980.2  
 0.114688  980.2  
 0.11475  980.2  
 0.114813  980.2  
 0.114875  980.2  
 0.114938  980.2  
 0.115  980.2  
 0.115063  980.2  
 0.115125  980.2  
 0.115187  980.2  
 0.11525  980.2  
 0.115313  980.2  
 0.115375  980.2  
 0.115437  980.2  
 0.1155  980.2  
 0.115563  980.2  
 0.115625  980.2  
 0.115687  980.2  
 0.11575  980.2  
 0.115813  980.2  
 0.115875  980.2  
 0.115937  980.2  
 0.116  980.2  
 0.116063  980.2  
 0.116125  980.2  
 0.116187  980.2  
 0.11625  980.2  
 0.116313  980.2  
 0.116375  980.2  
 0.116437  980.2  
 0.1165  980.2  
 0.116563  980.2  
 0.116625  980.2  
 0.116687  980.2  
 0.11675  980.2  
 0.116813  980.2  
 0.116875  980.2  
 0.116937  980.2  
 0.117  980.2  
 0.117063  980.2  
 0.117125  980.2  
 0.117188  980.2  
 0.11725  980.2  
 0.117313  980.2  
 0.117375  980.2  
 0.117438  980.2  
 0.1175  980.2  
 0.117563  980.2  
 0.117625  980.2  
 0.117688  980.2  
 0.11775  980.2  
 0.117813  980.2  
 0.117875  980.2  
 0.117938  980.2  
 0.118  980.2  
 0.118063  980.2  
 0.118125  980.2  
 0.118188  980.2  
 0.11825  980.2  
 0.118313  980.2  
 0.118375  980.2  
 0.118438  980.2  
 0.1185  980.2  
 0.118563  980.2  
 0.118625  980.2  
 0.118688  980.2  
 0.11875  980.2  
 0.118813  980.2  
 0.118875  980.2  
 0.118938  980.2  
 0.119  980.2  
 0.119063  980.2  
 0.119125  980.2  
 0.119188  980.2  
 0.11925  980.2  
 0.119313  980.2  
 0.119375  980.2  
 0.119438  980.2  
 0.1195  980.2  
 0.119563  980.2  
 0.119625  980.2  
 0.119688  980.2  
 0.11975  980.2  
 0.119813  980.2  
 0.119875  980.2  
 0.119938  980.2  
 0.12  980.2  
 0.120063  980.2  
 0.120125  980.2  
 0.120188  980.2  
 0.12025  980.2  
 0.120313  980.2  
 0.120375  980.2  
 0.120438  980.2  
 0.1205  980.2  
 0.120563  980.2  
 0.120625  980.2  
 0.120688  980.2  
 0.12075  980.2  
 0.120813  980.2  
 0.120875  980.2  
 0.120938  980.2  
 0.121  980.2  
 0.121063  980.2  
 0.121125  980.2  
 0.121188  980.2  
 0.12125  980.2  
 0.121313  980.2  
 0.121375  980.2  
 0.121438  980.2  
 0.1215  980.2  
 0.121563  980.2  
 0.121625  980.2  
 0.121688  980.2  
 0.12175  980.2  
 0.121813  980.2  
 0.121875  980.2  
 0.121938  980.2  
 0.122  980.2  
 0.122063  980.2  
 0.122125  980.2  
 0.122188  980.2  
 0.12225  980.2  
 0.122313  980.2  
 0.122375  980.2  
 0.122438  980.2  
 0.1225  980.2  
 0.122563  980.2  
 0.122625  980.2  
 0.122688  980.2  
 0.12275  980.2  
 0.122813  980.2  
 0.122875  980.2  
 0.122938  980.2  
 0.123  980.2  
 0.123063  980.2  
 0.123125  980.2  
 0.123188  980.2  
 0.12325  980.2  
 0.123313  980.2  
 0.123375  980.2  
 0.123438  980.2  
 0.1235  980.2  
 0.123563  980.2  
 0.123625  980.2  
 0.123688  980.2  
 0.12375  980.2  
 0.123813  980.2  
 0.123875  980.2  
 0.123938  980.2  
 0.124  980.2  
 0.124063  980.2  
 0.124125  980.2  
 0.124188  980.2  
 0.12425  980.2  
 0.124313  980.2  
 0.124375  980.2  
 0.124438  980.2  
 0.1245  980.2  
 0.124563  980.2  
 0.124625  980.2  
 0.124688  980.2  
 0.12475  980.2  
 0.124813  980.2  
 0.124875  980.2  
 0.124938  980.2  
 0.125  980.2  
 0.125063  980.2  
 0.125125  980.2  
 0.125188  980.2  
 0.12525  980.2  
 0.125312  980.2  
 0.125375  980.2  
 0.125438  980.2  
 0.1255  980.2  
 0.125563  980.2  
 0.125625  980.2  
 0.125688  980.2  
 0.12575  980.2  
 0.125812  980.2  
 0.125875  980.2  
 0.125938  980.2  
 0.126  980.2  
 0.126062  980.2  
 0.126125  980.2  
 0.126188  980.2  
 0.12625  980.2  
 0.126312  980.2  
 0.126375  980.2  
 0.126438  980.2  
 0.1265  980.2  
 0.126562  980.2  
 0.126625  980.2  
 0.126688  980.2  
 0.12675  980.2  
 0.126812  980.2  
 0.126875  980.2  
 0.126938  980.2  
 0.127  980.2  
 0.127062  980.2  
 0.127125  980.2  
 0.127188  980.2  
 0.12725  980.2  
 0.127312  980.2  
 0.127375  980.2  
 0.127438  980.2  
 0.1275  980.2  
 0.127562  980.2  
 0.127625  980.2  
 0.127688  980.2  
 0.12775  980.2  
 0.127812  980.2  
 0.127875  980.2  
 0.127938  980.2  
 0.128  980.2  
 0.128062  980.2  
 0.128125  980.2  
 0.128188  980.2  
 0.12825  980.2  
 0.128312  980.2  
 0.128375  980.2  
 0.128438  980.2  
 0.1285  980.2  
 0.128562  980.2  
 0.128625  980.2  
 0.128688  980.2  
 0.12875  980.2  
 0.128812  980.2  
 0.128875  980.2  
 0.128938  980.2  
 0.129  980.2  
 0.129062  980.2  
 0.129125  980.2  
 0.129188  980.2  
 0.12925  980.2  
 0.129312  980.2  
 0.129375  980.2  
 0.129438  980.2  
 0.1295  980.2  
 0.129562  980.2  
 0.129625  980.2  
 0.129688  980.2  
 0.12975  980.2  
 0.129812  980.2  
 0.129875  980.2  
 0.129938  980.2  
 0.13  980.2  
 0.130062  980.2  
 0.130125  980.2  
 0.130188  980.2  
 0.13025  980.2  
 0.130312  980.2  
 0.130375  980.2  
 0.130438  980.2  
 0.1305  980.2  
 0.130562  980.2  
 0.130625  980.2  
 0.130688  980.2  
 0.13075  980.2  
 0.130812  980.2  
 0.130875  980.2  
 0.130938  980.2  
 0.131  980.2  
 0.131062  980.2  
 0.131125  980.2  
 0.131188  980.2  
 0.13125  980.2  
 0.131312  980.2  
 0.131375  980.2  
 0.131438  980.2  
 0.1315  980.2  
 0.131562  980.2  
 0.131625  980.2  
 0.131688  980.2  
 0.13175  980.2  
 0.131812  980.2  
 0.131875  980.2  
 0.131938  980.2  
 0.132  980.2  
 0.132062  980.2  
 0.132125  980.2  
 0.132188  980.2  
 0.13225  980.2  
 0.132312  980.2  
 0.132375  980.2  
 0.132438  980.2  
 0.1325  980.2  
 0.132562  980.2  
 0.132625  980.2  
 0.132688  980.2  
 0.13275  980.2  
 0.132812  980.2  
 0.132875  980.2  
 0.132938  980.2  
 0.133  980.2  
 0.133063  980.2  
 0.133125  980.2  
 0.133188  980.2  
 0.13325  980.2  
 0.133313  980.2  
 0.133375  980.2  
 0.133438  980.2  
 0.1335  980.2  
 0.133563  980.2  
 0.133625  980.2  
 0.133688  980.2  
 0.13375  980.2  
 0.133813  980.2  
 0.133875  980.2  
 0.133938  980.2  
 0.134  980.2  
 0.134063  980.2  
 0.134125  980.2  
 0.134188  980.2  
 0.13425  980.2  
 0.134313  980.2  
 0.134375  980.2  
 0.134438  980.2  
 0.1345  980.2  
 0.134563  980.2  
 0.134625  980.2  
 0.134688  980.2  
 0.13475  980.2  
 0.134813  980.2  
 0.134875  980.2  
 0.134938  980.2  
 0.135  980.2  
 0.135063  980.2  
 0.135125  980.2  
 0.135188  980.2  
 0.13525  980.2  
 0.135313  980.2  
 0.135375  980.2  
 0.135438  980.2  
 0.1355  980.2  
 0.135563  980.2  
 0.135625  980.2  
 0.135688  980.2  
 0.13575  980.2  
 0.135813  980.2  
 0.135875  980.2  
 0.135938  980.2  
 0.136  980.2  
 0.136063  980.2  
 0.136125  980.2  
 0.136188  980.2  
 0.13625  980.2  
 0.136313  980.2  
 0.136375  980.2  
 0.136437  980.2  
 0.1365  980.2  
 0.136563  980.2  
 0.136625  980.2  
 0.136688  980.2  
 0.13675  980.2  
 0.136813  980.2  
 0.136875  980.2  
 0.136937  980.2  
 0.137  980.2  
 0.137063  980.2  
 0.137125  980.2  
 0.137188  980.2  
 0.13725  980.2  
 0.137313  980.2  
 0.137375  980.2  
 0.137437  980.2  
 0.1375  980.2  
 0.137563  980.2  
 0.137625  980.2  
 0.137688  980.2  
 0.13775  980.2  
 0.137813  980.2  
 0.137875  980.2  
 0.137937  980.2  
 0.138  980.2  
 0.138063  980.2  
 0.138125  980.2  
 0.138188  980.2  
 0.13825  980.2  
 0.138313  980.2  
 0.138375  980.2  
 0.138437  980.2  
 0.1385  980.2  
 0.138563  980.2  
 0.138625  980.2  
 0.138688  980.2  
 0.13875  980.2  
 0.138813  980.2  
 0.138875  980.2  
 0.138937  980.2  
 0.139  980.2  
 0.139063  980.2  
 0.139125  980.2  
 0.139188  980.2  
 0.13925  980.2  
 0.139313  980.2  
 0.139375  980.2  
 0.139437  980.2  
 0.1395  980.2  
 0.139563  980.2  
 0.139625  980.2  
 0.139688  980.2  
 0.13975  980.2  
 0.139813  980.2  
 0.139875  980.2  
 0.139937  980.2  
 0.14  980.2  
 0.140063  980.2  
 0.140125  980.2  
 0.140188  980.2  
 0.14025  980.2  
 0.140313  980.2  
 0.140375  980.2  
 0.140437  980.2  
 0.1405  980.2  
 0.140563  980.2  
 0.140625  980.2  
 0.140688  980.2  
 0.14075  980.2  
 0.140813  980.2  
 0.140875  980.2  
 0.140937  980.2  
 0.141  980.2  
 0.141063  980.2  
 0.141125  980.2  
 0.141188  980.2  
 0.14125  980.2  
 0.141313  980.2  
 0.141375  980.2  
 0.141437  980.2  
 0.1415  980.2  
 0.141563  980.2  
 0.141625  980.2  
 0.141688  980.2  
 0.14175  980.2  
 0.141813  980.2  
 0.141875  980.2  
 0.141937  980.2  
 0.142  980.2  
 0.142063  980.2  
 0.142125  980.2  
 0.142188  980.2  
 0.14225  980.2  
 0.142313  980.2  
 0.142375  980.2  
 0.142437  980.2  
 0.1425  980.2  
 0.142563  980.2  
 0.142625  980.2  
 0.142688  980.2  
 0.14275  980.2  
 0.142813  980.2  
 0.142875  980.2  
 0.142937  980.2  
 0.143  980.2  
 0.143063  980.2  
 0.143125  980.2  
 0.143188  980.2  
 0.14325  980.2  
 0.143313  980.2  
 0.143375  980.2  
 0.143437  980.2  
 0.1435  980.2  
 0.143563  980.2  
 0.143625  980.2  
 0.143688  980.2  
 0.14375  980.2  
 0.143813  980.2  
 0.143875  980.2  
 0.143937  980.2  
 0.144  980.2  
 0.144063  980.2  
 0.144125  980.2  
 0.144187  980.2  
 0.14425  980.2  
 0.144313  980.2  
 0.144375  980.2  
 0.144437  980.2  
 0.1445  980.2  
 0.144563  980.2  
 0.144625  980.2  
 0.144687  980.2  
 0.14475  980.2  
 0.144813  980.2  
 0.144875  980.2  
 0.144937  980.2  
 0.145  980.2  
 0.145063  980.2  
 0.145125  980.2  
 0.145187  980.2  
 0.14525  980.2  
 0.145313  980.2  
 0.145375  980.2  
 0.145437  980.2  
 0.1455  980.2  
 0.145563  980.2  
 0.145625  980.2  
 0.145687  980.2  
 0.14575  980.2  
 0.145813  980.2  
 0.145875  980.2  
 0.145937  980.2  
 0.146  980.2  
 0.146063  980.2  
 0.146125  980.2  
 0.146187  980.2  
 0.14625  980.2  
 0.146313  980.2  
 0.146375  980.2  
 0.146437  980.2  
 0.1465  980.2  
 0.146563  980.2  
 0.146625  980.2  
 0.146687  980.2  
 0.14675  980.2  
 0.146813  980.2  
 0.146875  980.2  
 0.146937  980.2  
 0.147  980.2  
 0.147063  980.2  
 0.147125  980.2  
 0.147187  980.2  
 0.14725  980.2  
 0.147313  980.2  
 0.147375  980.2  
 0.147437  980.2  
 0.1475  980.2  
 0.147563  980.2  
 0.147625  980.2  
 0.147687  980.2  
 0.14775  980.2  
 0.147813  980.2  
 0.147875  980.2  
 0.147937  980.2  
 0.148  980.2  
 0.148063  980.2  
 0.148125  980.2  
 0.148187  980.2  
 0.14825  980.2  
 0.148313  980.2  
 0.148375  980.2  
 0.148438  980.2  
 0.1485  980.2  
 0.148563  980.2  
 0.148625  980.2  
 0.148688  980.2  
 0.14875  980.2  
 0.148813  980.2  
 0.148875  980.2  
 0.148938  980.2  
 0.149  980.2  
 0.149063  980.2  
 0.149125  980.2  
 0.149188  980.2  
 0.14925  980.2  
 0.149313  980.2  
 0.149375  980.2  
 0.149438  980.2  
 0.1495  980.2  
 0.149563  980.2  
 0.149625  980.2  
 0.149688  980.2  
 0.14975  980.2  
 0.149813  980.2  
 0.149875  980.2  
 0.149938  980.2  
 0.15  980.2  
 0.150063  980.2  
 0.150125  980.2  
 0.150188  980.2  
 0.15025  980.2  
 0.150313  980.2  
 0.150375  980.2  
 0.150438  980.2  
 0.1505  980.2  
 0.150563  980.2  
 0.150625  980.2  
 0.150688  980.2  
 0.15075  980.2  
 0.150813  980.2  
 0.150875  980.2  
 0.150938  980.2  
 0.151  980.2  
 0.151063  980.2  
 0.151125  980.2  
 0.151188  980.2  
 0.15125  980.2  
 0.151313  980.2  
 0.151375  980.2  
 0.151438  980.2  
 0.1515  980.2  
 0.151563  980.2  
 0.151625  980.2  
 0.151688  980.2  
 0.15175  980.2  
 0.151813  980.2  
 0.151875  980.2  
 0.151938  980.2  
 0.152  980.2  
 0.152062  980.2  
 0.152125  980.2  
 0.152188  980.2  
 0.15225  980.2  
 0.152313  980.2  
 0.152375  980.2  
 0.152438  980.2  
 0.1525  980.2  
 0.152562  980.2  
 0.152625  980.2  
 0.152688  980.2  
 0.15275  980.2  
 0.152813  980.2  
 0.152875  980.2  
 0.152938  980.2  
 0.153  980.2  
 0.153062  980.2  
 0.153125  980.2  
 0.153188  980.2  
 0.15325  980.2  
 0.153313  980.2  
 0.153375  980.2  
 0.153438  980.2  
 0.1535  980.2  
 0.153562  980.2  
 0.153625  980.2  
 0.153688  980.2  
 0.15375  980.2  
 0.153813  980.2  
 0.153875  980.2  
 0.153938  980.2  
 0.154  980.2  
 0.154062  980.2  
 0.154125  980.2  
 0.154188  980.2  
 0.15425  980.2  
 0.154313  980.2  
 0.154375  980.2  
 0.154438  980.2  
 0.1545  980.2  
 0.154562  980.2  
 0.154625  980.2  
 0.154688  980.2  
 0.15475  980.2  
 0.154813  980.2  
 0.154875  980.2  
 0.154938  980.2  
 0.155  980.2  
 0.155062  980.2  
 0.155125  980.2  
 0.155188  980.2  
 0.15525  980.2  
 0.155313  980.2  
 0.155375  980.2  
 0.155438  980.2  
 0.1555  980.2  
 0.155562  980.2  
 0.155625  980.2  
 0.155688  980.2  
 0.15575  980.2  
 0.155813  980.2  
 0.155875  980.2  
 0.155938  980.2  
 0.156  980.2  
 0.156062  980.2  
 0.156125  980.2  
 0.156188  980.2  
 0.15625  980.2  
 0.156313  980.2  
 0.156375  980.2  
 0.156438  980.2  
 0.1565  980.2  
 0.156562  980.2  
 0.156625  980.2  
 0.156688  980.2  
 0.15675  980.2  
 0.156813  980.2  
 0.156875  980.2  
 0.156938  980.2  
 0.157  980.2  
 0.157062  980.2  
 0.157125  980.2  
 0.157188  980.2  
 0.15725  980.2  
 0.157313  980.2  
 0.157375  980.2  
 0.157438  980.2  
 0.1575  980.2  
 0.157562  980.2  
 0.157625  980.2  
 0.157688  980.2  
 0.15775  980.2  
 0.157813  980.2  
 0.157875  980.2  
 0.157938  980.2  
 0.158  980.2  
 0.158062  980.2  
 0.158125  980.2  
 0.158188  980.2  
 0.15825  980.2  
 0.158313  980.2  
 0.158375  980.2  
 0.158438  980.2  
 0.1585  980.2  
 0.158562  980.2  
 0.158625  980.2  
 0.158688  980.2  
 0.15875  980.2  
 0.158813  980.2  
 0.158875  980.2  
 0.158938  980.2  
 0.159  980.2  
 0.159062  980.2  
 0.159125  980.2  
 0.159188  980.2  
 0.15925  980.2  
 0.159313  980.2  
 0.159375  980.2  
 0.159438  980.2  
 0.1595  980.2  
 0.159562  980.2  
 0.159625  980.2  
 0.159688  980.2  
 0.15975  980.2  
 0.159813  980.2  
 0.159875  980.2  
 0.159938  980.2  
 0.16  980.2  
 0.160062  980.2  
 0.160125  980.2  
 0.160188  980.2  
 0.16025  980.2  
 0.160312  980.2  
 0.160375  980.2  
 0.160438  980.2  
 0.1605  980.2  
 0.160562  980.2  
 0.160625  980.2  
 0.160688  980.2  
 0.16075  980.2  
 0.160812  980.2  
 0.160875  980.2  
 0.160938  980.2  
 0.161  980.2  
 0.161062  980.2  
 0.161125  980.2  
 0.161188  980.2  
 0.16125  980.2  
 0.161312  980.2  
 0.161375  980.2  
 0.161438  980.2  
 0.1615  980.2  
 0.161562  980.2  
 0.161625  980.2  
 0.161688  980.2  
 0.16175  980.2  
 0.161812  980.2  
 0.161875  980.2  
 0.161938  980.2  
 0.162  980.2  
 0.162062  980.2  
 0.162125  980.2  
 0.162188  980.2  
 0.16225  980.2  
 0.162312  980.2  
 0.162375  980.2  
 0.162438  980.2  
 0.1625  980.2  
 0.162562  980.2  
 0.162625  980.2  
 0.162688  980.2  
 0.16275  980.2  
 0.162813  980.2  
 0.162875  980.2  
 0.162938  980.2  
 0.163  980.2  
 0.163062  980.2  
 0.163125  980.2  
 0.163188  980.2  
 0.16325  980.2  
 0.163313  980.2  
 0.163375  980.2  
 0.163438  980.2  
 0.1635  980.2  
 0.163562  980.2  
 0.163625  980.2  
 0.163688  980.2  
 0.16375  980.2  
 0.163813  980.2  
 0.163875  980.2  
 0.163938  980.2  
 0.164  980.2  
 0.164062  980.2  
 0.164125  980.2  
 0.164187  980.2  
 0.16425  980.2  
 0.164313  980.2  
 0.164375  980.2  
 0.164438  980.2  
 0.1645  980.2  
 0.164563  980.2  
 0.164625  980.2  
 0.164687  980.2  
 0.16475  980.2  
 0.164813  980.2  
 0.164875  980.2  
 0.164938  980.2  
 0.165  980.2  
 0.165063  980.2  
 0.165125  980.2  
 0.165187  980.2  
 0.16525  980.2  
 0.165313  980.2  
 0.165375  980.2  
 0.165438  980.2  
 0.1655  980.2  
 0.165563  980.2  
 0.165625  980.2  
 0.165687  980.2  
 0.16575  980.2  
 0.165813  980.2  
 0.165875  980.2  
 0.165938  980.2  
 0.166  980.2  
 0.166063  980.2  
 0.166125  980.2  
 0.166187  980.2  
 0.16625  980.2  
 0.166313  980.2  
 0.166375  980.2  
 0.166438  980.2  
 0.1665  980.2  
 0.166563  980.2  
 0.166625  980.2  
 0.166687  980.2  
 0.16675  980.2  
 0.166813  980.2  
 0.166875  980.2  
 0.166938  980.2  
 0.167  980.2  
 0.167063  980.2  
 0.167125  980.2  
 0.167187  980.2  
 0.16725  980.2  
 0.167313  980.2  
 0.167375  980.2  
 0.167438  980.2  
 0.1675  980.2  
 0.167563  980.2  
 0.167625  980.2  
 0.167687  980.2  
 0.16775  980.2  
 0.167813  980.2  
 0.167875  980.2  
 0.167938  980.2  
 0.168  980.2  
 0.168063  980.2  
 0.168125  980.2  
 0.168187  980.2  
 0.16825  980.2  
 0.168313  980.2  
 0.168375  980.2  
 0.168438  980.2  
 0.1685  980.2  
 0.168563  980.2  
 0.168625  980.2  
 0.168687  980.2  
 0.16875  980.2  
 0.168813  980.2  
 0.168875  980.2  
 0.168938  980.2  
 0.169  980.2  
 0.169063  980.2  
 0.169125  980.2  
 0.169187  980.2  
 0.16925  980.2  
 0.169313  980.2  
 0.169375  980.2  
 0.169438  980.2  
 0.1695  980.2  
 0.169563  980.2  
 0.169625  980.2  
 0.169687  980.2  
 0.16975  980.2  
 0.169813  980.2  
 0.169875  980.2  
 0.169938  980.2  
 0.17  980.2  
 0.170063  980.2  
 0.170125  980.2  
 0.170187  980.2  
 0.17025  980.2  
 0.170313  980.2  
 0.170375  980.2  
 0.170438  980.2  
 0.1705  980.2  
 0.170563  980.2  
 0.170625  980.2  
 0.170687  980.2  
 0.17075  980.2  
 0.170813  980.2  
 0.170875  980.2  
 0.170938  980.2  
 0.171  980.2  
 0.171063  980.2  
 0.171125  980.2  
 0.171187  980.2  
 0.17125  980.2  
 0.171313  980.2  
 0.171375  980.2  
 0.171438  980.2  
 0.1715  980.2  
 0.171563  980.2  
 0.171625  980.2  
 0.171687  980.2  
 0.17175  980.2  
 0.171813  980.2  
 0.171875  980.2  
 0.171938  980.2  
 0.172  980.2  
 0.172063  980.2  
 0.172125  980.2  
 0.172187  980.2  
 0.17225  980.2  
 0.172313  980.2  
 0.172375  980.2  
 0.172438  980.2  
 0.1725  980.2  
 0.172563  980.2  
 0.172625  980.2  
 0.172687  980.2  
 0.17275  980.2  
 0.172813  980.2  
 0.172875  980.2  
 0.172938  980.2  
 0.173  980.2  
 0.173063  980.2  
 0.173125  980.2  
 0.173187  980.2  
 0.17325  980.2  
 0.173313  980.2  
 0.173375  980.2  
 0.173438  980.2  
 0.1735  980.2  
 0.173563  980.2  
 0.173625  980.2  
 0.173687  980.2  
 0.17375  980.2  
 0.173813  980.2  
 0.173875  980.2  
 0.173938  980.2  
 0.174  980.2  
 0.174063  980.2  
 0.174125  980.2  
 0.174187  980.2  
 0.17425  980.2  
 0.174313  980.2  
 0.174375  980.2  
 0.174438  980.2  
 0.1745  980.2  
 0.174563  980.2  
 0.174625  980.2  
 0.174687  980.2  
 0.17475  980.2  
 0.174813  980.2  
 0.174875  980.2  
 0.174938  980.2  
 0.175  980.2  
 0.175063  980.2  
 0.175125  980.2  
 0.175187  980.2  
 0.17525  980.2  
 0.175313  980.2  
 0.175375  980.2  
 0.175438  980.2  
 0.1755  980.2  
 0.175563  980.2  
 0.175625  980.2  
 0.175687  980.2  
 0.17575  980.2  
 0.175813  980.2  
 0.175875  980.2  
 0.175938  980.2  
 0.176  980.2  
 0.176063  980.2  
 0.176125  980.2  
 0.176187  980.2  
 0.17625  980.2  
 0.176313  980.2  
 0.176375  980.2  
 0.176438  980.2  
 0.1765  980.2  
 0.176563  980.2  
 0.176625  980.2  
 0.176687  980.2  
 0.17675  980.2  
 0.176813  980.2  
 0.176875  980.2  
 0.176938  980.2  
 0.177  980.2  
 0.177063  980.2  
 0.177125  980.2  
 0.177187  980.2  
 0.17725  980.2  
 0.177313  980.2  
 0.177375  980.2  
 0.177438  980.2  
 0.1775  980.2  
 0.177563  980.2  
 0.177625  980.2  
 0.177687  980.2  
 0.17775  980.2  
 0.177813  980.2  
 0.177875  980.2  
 0.177938  980.2  
 0.178  980.2  
 0.178063  980.2  
 0.178125  980.2  
 0.178187  980.2  
 0.17825  980.2  
 0.178313  980.2  
 0.178375  980.2  
 0.178438  980.2  
 0.1785  980.2  
 0.178563  980.2  
 0.178625  980.2  
 0.178687  980.2  
 0.17875  980.2  
 0.178813  980.2  
 0.178875  980.2  
 0.178938  980.2  
 0.179  980.2  
 0.179063  980.2  
 0.179125  980.2  
 0.179187  980.2  
 0.17925  980.2  
 0.179313  980.2  
 0.179375  980.2  
 0.179438  980.2  
 0.1795  980.2  
 0.179563  980.2  
 0.179625  980.2  
 0.179688  980.2  
 0.17975  980.2  
 0.179813  980.2  
 0.179875  980.2  
 0.179938  980.2  
 0.18  980.2  
 0.180063  980.2  
 0.180125  980.2  
 0.180188  980.2  
 0.18025  980.2  
 0.180312  980.2  
 0.180375  980.2  
 0.180438  980.2  
 0.1805  980.2  
 0.180563  980.2  
 0.180625  980.2  
 0.180688  980.2  
 0.18075  980.2  
 0.180812  980.2  
 0.180875  980.2  
 0.180938  980.2  
 0.181  980.2  
 0.181063  980.2  
 0.181125  980.2  
 0.181188  980.2  
 0.18125  980.2  
 0.181312  980.2  
 0.181375  980.2  
 0.181438  980.2  
 0.1815  980.2  
 0.181563  980.2  
 0.181625  980.2  
 0.181688  980.2  
 0.18175  980.2  
 0.181812  980.2  
 0.181875  980.2  
 0.181938  980.2  
 0.182  980.2  
 0.182063  980.2  
 0.182125  980.2  
 0.182188  980.2  
 0.18225  980.2  
 0.182312  980.2  
 0.182375  980.2  
 0.182438  980.2  
 0.1825  980.2  
 0.182563  980.2  
 0.182625  980.2  
 0.182688  980.2  
 0.18275  980.2  
 0.182812  980.2  
 0.182875  980.2  
 0.182938  980.2  
 0.183  980.2  
 0.183063  980.2  
 0.183125  980.2  
 0.183188  980.2  
 0.18325  980.2  
 0.183312  980.2  
 0.183375  980.2  
 0.183438  980.2  
 0.1835  980.2  
 0.183563  980.2  
 0.183625  980.2  
 0.183688  980.2  
 0.18375  980.2  
 0.183812  980.2  
 0.183875  980.2  
 0.183938  980.2  
 0.184  980.2  
 0.184063  980.2  
 0.184125  980.2  
 0.184188  980.2  
 0.18425  980.2  
 0.184312  980.2  
 0.184375  980.2  
 0.184438  980.2  
 0.1845  980.2  
 0.184563  980.2  
 0.184625  980.2  
 0.184688  980.2  
 0.18475  980.2  
 0.184812  980.2  
 0.184875  980.2  
 0.184938  980.2  
 0.185  980.2  
 0.185063  980.2  
 0.185125  980.2  
 0.185188  980.2  
 0.18525  980.2  
 0.185312  980.2  
 0.185375  980.2  
 0.185438  980.2  
 0.1855  980.2  
 0.185563  980.2  
 0.185625  980.2  
 0.185688  980.2  
 0.18575  980.2  
 0.185812  980.2  
 0.185875  980.2  
 0.185938  980.2  
 0.186  980.2  
 0.186063  980.2  
 0.186125  980.2  
 0.186188  980.2  
 0.18625  980.2  
 0.186312  980.2  
 0.186375  980.2  
 0.186438  980.2  
 0.1865  980.2  
 0.186563  980.2  
 0.186625  980.2  
 0.186688  980.2  
 0.18675  980.2  
 0.186812  980.2  
 0.186875  980.2  
 0.186938  980.2  
 0.187  980.2  
 0.187063  980.2  
 0.187125  980.2  
 0.187188  980.2  
 0.18725  980.2  
 0.187312  980.2  
 0.187375  980.2  
 0.187438  980.2  
 0.1875  980.2  
 0.187563  980.2  
 0.187625  980.2  
 0.187688  980.2  
 0.18775  980.2  
 0.187812  980.2  
 0.187875  980.2  
 0.187938  980.2  
 0.188  980.2  
 0.188063  980.2  
 0.188125  980.2  
 0.188188  980.2  
 0.18825  980.2  
 0.188312  980.2  
 0.188375  980.2  
 0.188438  980.2  
 0.1885  980.2  
 0.188563  980.2  
 0.188625  980.2  
 0.188688  980.2  
 0.18875  980.2  
 0.188812  980.2  
 0.188875  980.2  
 0.188938  980.2  
 0.189  980.2  
 0.189063  980.2  
 0.189125  980.2  
 0.189188  980.2  
 0.18925  980.2  
 0.189312  980.2  
 0.189375  980.2  
 0.189438  980.2  
 0.1895  980.2  
 0.189563  980.2  
 0.189625  980.2  
 0.189688  980.2  
 0.18975  980.2  
 0.189812  980.2  
 0.189875  980.2  
 0.189938  980.2  
 0.19  980.2  
 0.190063  980.2  
 0.190125  980.2  
 0.190188  980.2  
 0.19025  980.2  
 0.190312  980.2  
 0.190375  980.2  
 0.190438  980.2  
 0.1905  980.2  
 0.190563  980.2  
 0.190625  980.2  
 0.190688  980.2  
 0.19075  980.2  
 0.190812  980.2  
 0.190875  980.2  
 0.190938  980.2  
 0.191  980.2  
 0.191063  980.2  
 0.191125  980.2  
 0.191188  980.2  
 0.19125  980.2  
 0.191312  980.2  
 0.191375  980.2  
 0.191438  980.2  
 0.1915  980.2  
 0.191563  980.2  
 0.191625  980.2  
 0.191688  980.2  
 0.19175  980.2  
 0.191812  980.2  
 0.191875  980.2  
 0.191938  980.2  
 0.192  980.2  
 0.192063  980.2  
 0.192125  980.2  
 0.192188  980.2  
 0.19225  980.2  
 0.192312  980.2  
 0.192375  980.2  
 0.192438  980.2  
 0.1925  980.2  
 0.192563  980.2  
 0.192625  980.2  
 0.192688  980.2  
 0.19275  980.2  
 0.192812  980.2  
 0.192875  980.2  
 0.192938  980.2  
 0.193  980.2  
 0.193063  980.2  
 0.193125  980.2  
 0.193188  980.2  
 0.19325  980.2  
 0.193312  980.2  
 0.193375  980.2  
 0.193438  980.2  
 0.1935  980.2  
 0.193563  980.2  
 0.193625  980.2  
 0.193688  980.2  
 0.19375  980.2  
 0.193812  980.2  
 0.193875  980.2  
 0.193938  980.2  
 0.194  980.2  
 0.194063  980.2  
 0.194125  980.2  
 0.194188  980.2  
 0.19425  980.2  
 0.194312  980.2  
 0.194375  980.2  
 0.194438  980.2  
 0.1945  980.2  
 0.194563  980.2  
 0.194625  980.2  
 0.194688  980.2  
 0.19475  980.2  
 0.194812  980.2  
 0.194875  980.2  
 0.194938  980.2  
 0.195  980.2  
 0.195063  980.2  
 0.195125  980.2  
 0.195188  980.2  
 0.19525  980.2  
 0.195312  980.2  
 0.195375  980.2  
 0.195438  980.2  
 0.1955  980.2  
 0.195563  980.2  
 0.195625  980.2  
 0.195688  980.2  
 0.19575  980.2  
 0.195813  980.2  
 0.195875  980.2  
 0.195938  980.2  
 0.196  980.2  
 0.196063  980.2  
 0.196125  980.2  
 0.196188  980.2  
 0.19625  980.2  
 0.196313  980.2  
 0.196375  980.2  
 0.196437  980.2  
 0.1965  980.2  
 0.196563  980.2  
 0.196625  980.2  
 0.196688  980.2  
 0.19675  980.2  
 0.196813  980.2  
 0.196875  980.2  
 0.196937  980.2  
 0.197  980.2  
 0.197063  980.2  
 0.197125  980.2  
 0.197188  980.2  
 0.19725  980.2  
 0.197313  980.2  
 0.197375  980.2  
 0.197437  980.2  
 0.1975  980.2  
 0.197563  980.2  
 0.197625  980.2  
 0.197688  980.2  
 0.19775  980.2  
 0.197813  980.2  
 0.197875  980.2  
 0.197937  980.2  
 0.198  980.2  
 0.198063  980.2  
 0.198125  980.2  
 0.198188  980.2  
 0.19825  980.2  
 0.198313  980.2  
 0.198375  980.2  
 0.198437  980.2  
 0.1985  980.2  
 0.198563  980.2  
 0.198625  980.2  
 0.198688  980.2  
 0.19875  980.2  
 0.198813  980.2  
 0.198875  980.2  
 0.198937  980.2  
 0.199  980.2  
 0.199063  980.2  
 0.199125  980.2  
 0.199188  980.2  
 0.19925  980.2  
 0.199313  980.2  
 0.199375  980.2  
 0.199437  980.2  
 0.1995  980.2  
 0.199563  980.2  
 0.199625  980.2  
 0.199688  980.2  
 0.19975  980.2  
 0.199813  980.2  
 0.199875  980.2  
 0.199937  980.2  
 0.2  980.2  

