500000000   -113.287091353459
50439882.69794720   -114.22646711737
50879765.39589440   -115.076592354573
51319648.09384160   -115.704975713459
51759530.79178880   -116.002374148595
52199413.48973610   -116.169919159313
52639296.18768330   -116.525000093192
53079178.88563050   -117.143416855723
53519061.58357770   -117.938265529661
53958944.28152490   -118.810646463368
54398826.97947210   -119.795948328002
54838709.67741930   -120.753739146799
55278592.37536650   -121.695538423982
55718475.07331380   -122.672813990341
56158357.7712610   -123.66966475853
56598240.46920820   -124.635740194081
57038123.16715540   -125.549000673731
57478005.86510260   -126.427649178675
57917888.56304980   -127.262845371388
58357771.2609970   -128.068156255593
58797653.95894420   -128.853619837754
59237536.65689140   -129.624887015025
59677419.35483870   -130.434533972992
60117302.05278590   -131.2802458955
60557184.75073310   -132.141938790876
60997067.44868030   -133.028061402482
61436950.14662750   -133.947778396074
61876832.84457470   -134.80046529979
62316715.54252190   -135.684032343738
62756598.24046910   -136.600463569593
63196480.93841630   -137.508057975828
63636363.63636360   -138.401790688837
64076246.33431080   -139.291995494864
64516129.0322580   -140.190140208723
64956011.73020520   -141.053665113865
65395894.42815240   -141.892798045522
65835777.12609960   -142.722920586523
66275659.82404680   -143.518708271262
66715542.5219940   -144.305811260508
67155425.21994130   -145.129542341983
67595307.91788850   -145.976129147672
68035190.61583570   -146.812214066775
68475073.31378290   -147.704895506928
68914956.01173010   -148.694621922338
69354838.70967740   -149.640077070655
69794721.40762460   -150.562027225834
70234604.10557180   -151.564573371838
70674486.8035190   -152.460920308157
71114369.50146620   -153.501416436542
71554252.19941340   -154.44748894915
71994134.89736070   -155.468168841617
72434017.59530790   -156.411647451499
72873900.29325510   -157.404764188177
73313782.99120230   -158.320349002866
73753665.68914950   -159.279868142334
74193548.38709680   -160.224743876957
74633431.0850440   -161.159220387547
75073313.78299120   -162.113132518521
75513196.48093840   -163.05778776324
75953079.17888560   -164.022574771429
76392961.87683290   -165.005604451104
76832844.57478010   -166.012029558843
77272727.27272730   -167.017276689612
77712609.97067450   -167.989322377876
78152492.66862170   -168.903024539952
78592375.3665690   -169.764755169077
79032258.06451620   -170.63174756359
79472140.76246340   -171.478162967461
79912023.46041060   -172.324251368674
80351906.15835780   -173.179239902719
80791788.8563050   -174.012694592913
81231671.55425230   -174.860242875788
81671554.25219950   -175.748776318089
82111436.95014670   -176.651673885029
82551319.64809390   -177.58521730277
82991202.34604110   -178.556163700285
83431085.04398840   -179.568130316064
83870967.74193560   179.377437255273
84310850.43988280   178.288266138494
84750733.137830   177.189538096283
85190615.83577720   176.098998341432
85630498.53372450   175.043477445495
86070381.23167170   173.97139673576
86510263.92961890   172.923067972696
86950146.62756610   171.947286341583
87390029.32551330   170.976013095448
87829912.02346060   169.982414966815
88269794.72140780   169.026525962009
88709677.4193550   168.03005470004
89149560.11730220   166.99014003181
89589442.81524940   165.898741379926
90029325.51319660   164.722739762155
90469208.21114390   163.444282929719
90909090.90909110   162.119605286221
91348973.60703830   160.596312396984
91788856.30498550   159.088410633827
92228739.00293270   157.370143525156
92668621.700880   155.764072193908
93108504.39882720   153.942894223751
93548387.09677440   152.317643038226
93988269.79472160   150.518314775231
94428152.49266880   148.894358663959
94868035.19061610   147.22713126939
95307917.88856330   145.714274040424
95747800.58651050   144.253198498341
96187683.28445770   142.823972061469
96627565.98240490   141.432958458156
97067448.68035220   139.981446930222
97507331.37829940   138.488976317142
97947214.07624660   136.920461682014
98387096.77419380   135.246261091159
98826979.4721410   133.325189558525
99266862.17008820   131.248606997696
99706744.86803550   129.021791857258
100146627.5659830   126.36367364747
100586510.263930   123.607014746023
101026392.9618770   120.831419309006
101466275.6598240   117.750126241202
101906158.3577720   114.532031921148
102346041.0557190   111.5589427194
102785923.7536660   109.135401035997
103225806.4516130   107.35731989238
103665689.149560   106.127981215511
104105571.8475080   105.181930914407
104545454.5454550   104.373012660771
104985337.2434020   104.078997153585
105425219.9413490   104.79356620387
105865102.6392970   107.226387020079
106304985.3372440   111.786122522669
106744868.0351910   117.765504176483
107184750.7331380   123.439029350555
107624633.4310850   127.057932106767
108064516.1290330   128.356987275032
108504398.826980   128.275625722305
108944281.5249270   127.88598099592
109384164.2228740   127.828398584935
109824046.9208220   128.2211517884
110263929.6187690   128.841298525336
110703812.3167160   129.424022189675
111143695.0146630   129.836331769322
111583577.712610   129.968918998795
112023460.4105580   129.89018210412
112463343.1085050   129.522598473945
112903225.8064520   128.954891128578
113343108.5043990   128.169330352167
113782991.2023460   127.197903595092
114222873.9002940   126.058188450838
114662756.5982410   124.741878616383
115102639.2961880   123.280110499161
115542521.9941350   121.586958779602
115982404.6920830   119.706964483329
116422287.390030   117.586774059291
116862170.0879770   115.294208047108
117302052.7859240   112.863800298537
117741935.4838710   110.289998360113
118181818.1818190   107.560414947206
118621700.8797660   104.676754442522
119061583.5777130   101.756795650397
119501466.275660   98.8362049025681
119941348.9736080   95.9086298818836
120381231.6715550   92.9505411324237
120821114.3695020   90.025715827304
121260997.0674490   87.0450820106059
121700879.7653960   83.8510549495946
122140762.4633440   80.2669954998645
122580645.1612910   76.2199595966637
123020527.8592380   71.4579953254051
123460410.5571850   65.4258730538167
123900293.2551330   56.9311481691146
124340175.953080   43.7584441152928
124780058.6510270   21.4343123143715
125219941.3489740   -15.1160951857468
125659824.0469210   -52.0044262474675
126099706.7448690   -75.1498464304788
126539589.4428160   -88.5294408825473
126979472.1407630   -98.4039999611732
127419354.838710   -106.211882919564
127859237.5366570   -112.489838258273
128299120.2346050   -117.913711676854
128739002.9325520   -122.602745343595
129178885.6304990   -126.942710834366
129618768.3284460   -130.86529584962
130058651.0263940   -134.313559762713
130498533.7243410   -137.679812093753
130938416.4222880   -140.650709130497
131378299.1202350   -143.551905329041
131818181.8181820   -146.324961673809
132258064.516130   -149.055363841205
132697947.2140770   -151.728736237607
133137829.9120240   -154.536402654213
133577712.6099710   -157.311953173804
134017595.3079190   -160.084892953757
134457478.0058660   -163.10861813566
134897360.7038130   -166.009294872377
135337243.401760   -168.705874678433
135777126.0997070   -171.630023337993
136217008.7976550   -174.395108400512
136656891.4956020   -177.071744028956
137096774.1935490   -179.695215789697
137536656.8914960   177.700017533748
137976539.5894430   175.167600872515
138416422.2873910   172.7496762487
138856304.9853380   170.294704799317
139296187.6832850   167.857806760958
139736070.3812320   165.378023915911
140175953.0791790   162.813469778617
140615835.7771270   160.301177302369
141055718.4750740   157.44298473828
141495601.1730210   154.531440265418
141935483.8709680   151.808521603947
142375366.5689150   148.527860259914
142815249.2668630   145.424035741263
143255131.964810   142.435681541938
143695014.6627570   139.10221109659
144134897.3607040   136.157617492819
144574780.0586510   133.650860728055
145014662.7565990   131.865619329634
145454545.4545460   131.285505897743
145894428.1524930   132.310699567033
146334310.850440   134.355897153078
146774193.5483870   136.886489385634
147214076.2463350   139.013656033773
147653958.9442820   140.617466815037
148093841.6422290   141.944958263863
148533724.3401760   143.320717638382
148973607.0381230   144.347601183823
149413489.7360710   145.841808113413
149853372.4340180   147.624085903046
150293255.1319650   149.513281331001
150733137.8299120   152.242528325166
151173020.527860   154.316571496411
151612903.2258070   157.274513023459
152052785.9237540   159.674686446088
152492668.6217010   162.267995091854
152932551.3196480   164.558901441092
153372434.0175960   166.46895607821
153812316.7155430   168.128188264575
154252199.413490   169.298932739508
154692082.1114370   170.085308944098
155131964.8093840   170.631281960242
155571847.5073320   170.734979091422
156011730.2052790   170.87481949313
156451612.9032260   170.684665161961
156891495.6011730   170.445899937686
157331378.299120   169.943566923942
157771260.9970680   169.348125479424
158211143.6950150   168.545514470479
158651026.3929620   167.657982117194
159090909.0909090   166.549375084854
159530791.7888560   165.381562903243
159970674.4868040   164.115066453876
160410557.1847510   162.812106610281
160850439.8826980   161.47471666862
161290322.5806450   160.073618832931
161730205.2785920   158.722454442557
162170087.976540   157.347245787119
162609970.6744870   155.967483301952
163049853.3724340   154.556867250129
163489736.0703810   153.095249864376
163929618.7683280   151.621652702059
164369501.4662760   150.061662647825
164809384.1642230   148.480061377835
165249266.862170   146.689818237616
165689149.5601170   144.921792526089
166129032.2580640   143.007810930861
166568914.9560120   141.079600995968
167008797.6539590   139.088740175848
167448680.3519060   137.018203382584
167888563.0498530   134.950564742785
168328445.74780   132.824963901967
168768328.4457480   130.733026608515
169208211.1436950   128.657693782399
169648093.8416420   126.603471911706
170087976.5395890   124.506658140166
170527859.2375360   122.413554236101
170967741.9354840   120.232173568682
171407624.6334310   117.976232665575
171847507.3313780   115.657494299602
172287390.0293250   113.078486499599
172727272.7272730   110.486343082126
173167155.425220   107.513385679818
173607038.1231670   104.560542223563
174046920.8211140   101.404405784764
174486803.5190610   98.1288214301569
174926686.2170090   94.8831100714859
175366568.9149560   91.3390275694932
175806451.6129030   87.854552328695
176246334.310850   84.2094166605974
176686217.0087970   80.6680612014462
177126099.7067450   77.055640837363
177565982.4046920   73.6610441045875
178005865.1026390   70.0879510848147
178445747.8005860   66.7038866342066
178885630.4985330   63.2760128170677
179325513.1964810   59.7408250151463
179765395.8944280   55.5096438104198
180205278.5923750   51.4993176320716
180645161.2903220   44.7268779982109
181085043.9882690   32.2551611065988
181524926.6862170   -62.9674830143598
181964809.3841640   -119.390803323286
182404692.0821110   -130.468979574269
182844574.7800580   -136.042986478422
183284457.4780050   -140.752071599394
183724340.1759530   -144.308504675785
184164222.87390   -148.700438566789
184604105.5718470   -152.048596107196
185043988.2697940   -155.242172177992
185483870.9677410   -158.503866887703
185923753.6656890   -161.241483774042
186363636.3636360   -164.29763030604
186803519.0615830   -167.023675944953
187243401.759530   -169.742276329194
187683284.4574770   -172.19547711984
188123167.1554250   -174.793786599232
188563049.8533720   -177.410682657893
189002932.5513190   -179.865274319625
189442815.2492660   177.652105835004
189882697.9472130   175.182395036157
190322580.6451610   172.518119575664
190762463.3431080   170.165213827157
191202346.0410550   167.677673596706
191642228.7390020   165.230430403285
192082111.4369490   163.347273006682
192521994.1348970   161.045191839473
192961876.8328440   159.164846004693
193401759.5307910   157.705118159363
193841642.2287380   156.04626513657
194281524.9266860   154.803004433277
194721407.6246330   153.689562836159
195161290.322580   152.914833192583
195601173.0205270   152.285856802312
196041055.7184740   151.613875780123
196480938.4164220   151.504032592729
196920821.1143690   151.501882241974
197360703.8123160   151.741994653686
197800586.5102630   152.338695494255
198240469.208210   153.342314764691
198680351.9061580   155.311561390629
199120234.6041050   157.423286249308
199560117.3020520   160.550759169231
199999999.9999990   165.217605026836
200439882.6979460   169.977957489977
200879765.3958940   175.589789802349
201319648.0938410   -178.068114173798
201759530.7917880   -172.326008009827
202199413.4897350   -167.112210287156
202639296.1876820   -162.524611570923
203079178.885630   -158.988081137574
203519061.5835770   -156.141702361391
203958944.2815240   -154.186469804485
204398826.9794710   -153.152335466464
204838709.6774180   -152.353842513062
205278592.3753660   -152.229859550272
205718475.0733130   -152.725653562798
206158357.771260   -153.420812778681
206598240.4692070   -154.580623879179
207038123.1671540   -155.939394426101
207478005.8651020   -157.541170581949
207917888.5630490   -159.550717874286
208357771.2609960   -161.448249148917
208797653.9589430   -163.102418115777
209237536.656890   -165.335239934125
209677419.3548380   -167.223941825876
210117302.0527850   -168.763058674059
210557184.7507320   -170.609486571236
210997067.4486790   -172.235238320398
211436950.1466260   -173.661382379884
211876832.8445740   -175.040887424568
212316715.5425210   -176.336745991871
212756598.2404680   -177.565356097818
213196480.9384150   -178.771194350913
213636363.6363620   -179.952105574522
214076246.334310   178.795291082586
214516129.0322570   177.578592730675
214956011.7302040   176.442498381294
215395894.4281510   174.934526633205
215835777.1260990   173.512202250661
216275659.8240460   172.294620532382
216715542.5219930   170.978620528794
217155425.219940   169.435135672598
217595307.9178870   168.105407811786
218035190.6158350   167.025567890331
218475073.3137820   165.621329148484
218914956.0117290   164.401364844692
219354838.7096760   163.318918393359
219794721.4076230   162.273562847199
220234604.1055710   161.254507424692
220674486.8035180   160.339577375823
221114369.5014650   159.485455531513
221554252.1994120   158.758726987345
221994134.8973590   158.013504041602
222434017.5953070   157.321819987974
222873900.2932540   156.848980348527
223313782.9912010   156.568481878684
223753665.6891480   156.092386353187
224193548.3870950   155.914592502872
224633431.0850430   156.152480445919
225073313.782990   156.399722845269
225513196.4809370   156.568667528373
225953079.1788840   156.974460852112
226392961.8768310   157.534243659187
226832844.5747790   157.74195133252
227272727.2727260   157.766417048777
227712609.9706730   157.529257174744
228152492.668620   156.924844119921
228592375.3665670   155.918711790823
229032258.0645150   154.598272219376
229472140.7624620   153.035577014271
229912023.4604090   151.359815747291
230351906.1583560   149.670672981488
230791788.8563030   147.740856963417
231231671.5542510   145.900642176522
231671554.2521980   144.241834170949
232111436.9501450   142.872867326391
232551319.6480920   141.208989705126
232991202.3460390   139.825845328511
233431085.0439870   138.668934962418
233870967.7419340   137.834486660313
234310850.4398810   136.769682763519
234750733.1378280   135.978568348644
235190615.8357750   135.367401906095
235630498.5337230   134.863347452777
236070381.231670   134.293010559861
236510263.9296170   133.803428711786
236950146.6275640   133.29007950647
237390029.3255120   132.810163015773
237829912.0234590   132.394745931176
238269794.7214060   131.768700678217
238709677.4193530   131.154327254106
239149560.11730   130.526840502057
239589442.8152480   130.129507479771
240029325.5131950   129.486369180286
240469208.2111420   128.810997587804
240909090.9090890   128.21573819324
241348973.6070360   127.792752131419
241788856.3049840   127.395342395331
242228739.0029310   126.802460072015
242668621.7008780   126.394928085501
243108504.3988250   126.080553474028
243548387.0967720   125.831488390808
243988269.794720   125.44382452312
244428152.4926670   125.121335845117
244868035.1906140   124.756117925893
245307917.8885610   124.38075021957
245747800.5865080   124.035394428724
246187683.2844560   123.575507408856
246627565.9824030   123.020218146664
247067448.680350   122.438939539217
247507331.3782970   121.947843781336
247947214.0762440   121.615512120094
248387096.7741920   120.882208073525
248826979.4721390   120.292624219697
249266862.1700860   119.724702867318
249706744.8680330   119.347785240765
250146627.565980   118.867456922378
250586510.2639280   118.294143393634
251026392.9618750   117.857442083522
251466275.6598220   117.428538951327
251906158.3577690   117.01182811463
252346041.0557160   116.495595559038
252785923.7536640   115.931209304158
253225806.4516110   115.314256050871
253665689.1495580   114.638842054044
254105571.8475050   113.959610163857
254545454.5454520   113.286087538046
254985337.24340   112.333667558206
255425219.9413470   111.449572598445
255865102.6392940   110.527002877124
256304985.3372410   109.789664155737
256744868.0351880   109.091467967675
257184750.7331360   108.135760767107
257624633.4310830   107.358659390244
258064516.129030   106.63389541011
258504398.8269770   106.085780440732
258944281.5249250   105.585254216517
259384164.2228720   105.018340886097
259824046.9208190   104.578510300985
260263929.6187660   104.162184311261
260703812.3167130   103.770592981597
261143695.0146610   103.367864548582
261583577.7126080   102.957590084088
262023460.4105550   102.448715513789
262463343.1085020   101.943495001586
262903225.8064490   101.356886569653
263343108.5043970   100.895960356861
263782991.2023440   100.45201660522
264222873.9002910   99.7365548816034
264662756.5982380   99.1638161734148
265102639.2961850   98.616658215521
265542521.9941330   98.2366191297987
265982404.692080   97.9930647605058
266422287.3900270   97.5486791214036
266862170.0879740   97.351848503824
267302052.7859210   97.2514791105405
267741935.4838690   97.2591361695038
268181818.1818160   97.3548433490197
268621700.8797630   97.4234123381139
269061583.577710   97.5004015844315
269501466.2756570   97.584376143142
269941348.9736050   97.6076765497976
270381231.6715520   97.604842032875
270821114.3694990   97.6531846063432
271260997.0674460   97.5819928044446
271700879.7653930   97.3082908519502
272140762.4633410   97.12358248841
272580645.1612880   96.8710401101283
273020527.8592350   96.6902273648122
273460410.5571820   96.6352658127326
273900293.2551290   96.2569827370035
274340175.9530770   95.9689268253257
274780058.6510240   95.7746985625793
275219941.3489710   95.610792441128
275659824.0469180   95.4912133390125
276099706.7448650   95.3337897307737
276539589.4428130   95.1681315161652
276979472.140760   94.9722325291821
277419354.8387070   94.7439149860705
277859237.5366540   94.4532106979638
278299120.2346010   94.1225885664719
278739002.9325490   93.8529512790354
279178885.6304960   93.3856219619576
279618768.3284430   92.833919469814
280058651.026390   92.3660880866284
280498533.7243380   91.816342667352
280938416.4222850   91.3664490485058
281378299.1202320   91.0417728903826
281818181.8181790   90.4108765799523
282258064.5161260   89.860643063104
282697947.2140740   89.3931816826827
283137829.9120210   88.9639178780609
283577712.6099680   88.5511532775026
284017595.3079150   88.1383055728524
284457478.0058620   87.6671635459832
284897360.703810   87.1639080035462
285337243.4017570   86.6375301555087
285777126.0997040   86.0590097621205
286217008.7976510   85.3744663391057
286656891.4955980   84.7065931140071
287096774.1935460   84.1216291001386
287536656.8914930   83.2533132131445
287976539.589440   82.435277960695
288416422.2873870   81.7288733342994
288856304.9853340   80.9825233893342
289296187.6832820   80.3774310568409
289736070.3812290   79.9814548683058
290175953.0791760   79.3787471061601
290615835.7771230   78.9480473019119
291055718.475070   78.7399757536246
291495601.1730180   78.617911620763
291935483.8709650   78.6413428005353
292375366.5689120   78.7711579867118
292815249.2668590   78.9463933980625
293255131.9648060   79.2257667905279
293695014.6627540   79.5328999845115
294134897.3607010   79.8789273800125
294574780.0586480   80.1999220259118
295014662.7565950   80.5248093352014
295454545.4545420   80.9597119562191
295894428.152490   81.4556399585546
296334310.8504370   81.6458229407072
296774193.5483840   81.9548429461762
297214076.2463310   82.3820994352954
297653958.9442780   82.7337068367933
298093841.6422260   83.1668535673277
298533724.3401730   83.7228597107126
298973607.038120   84.1012252851394
299413489.7360670   84.5464070013311
299853372.4340140   85.0220468987117
300293255.1319620   85.4787281604785
300733137.8299090   85.9142521744926
301173020.5278560   86.2520913812524
301612903.2258030   86.4550013615335
302052785.9237510   86.6462651495559
302492668.6216980   86.6706902356249
302932551.3196450   86.5680392135912
303372434.0175920   86.4225982534309
303812316.7155390   86.1448386317837
304252199.4134870   85.7696358212899
304692082.1114340   85.5413747314099
305131964.8093810   85.3265972425846
305571847.5073280   84.8299336471573
306011730.2052750   84.4231886147525
306451612.9032230   84.134344639401
306891495.601170   83.8563581784969
307331378.2991170   83.6729981369269
307771260.9970640   83.5886116425501
308211143.6950110   83.4922878645095
308651026.3929590   83.4326107582197
309090909.0909060   83.4463485689111
309530791.7888530   83.4317562680284
309970674.48680   83.400090878298
310410557.1847470   83.3249717610823
310850439.8826950   83.1982895035101
311290322.5806420   83.0995090725543
311730205.2785890   83.0803052082975
312170087.9765360   82.8199908610666
312609970.6744830   82.602345454994
313049853.3724310   82.7008865951692
313489736.0703780   82.8064865425021
313929618.7683250   82.6807358106941
314369501.4662720   82.7501645403287
314809384.1642190   83.0217369660941
315249266.8621670   83.422257451158
315689149.5601140   83.9409536100476
316129032.2580610   84.5657782920684
316568914.9560080   85.2455025789528
317008797.6539550   85.94507919986
317448680.3519030   86.7245224723696
317888563.049850   87.4620484853283
318328445.7477970   88.100872360414
318768328.4457440   88.6675914543921
319208211.1436910   89.1543176335088
319648093.8416390   89.5902567681711
320087976.5395860   90.0830306247057
320527859.2375330   90.4578764680837
320967741.935480   90.5294174689161
321407624.6334280   90.6337620556766
321847507.3313750   90.8499500383326
322287390.0293220   91.1087413320849
322727272.7272690   91.4054826387904
323167155.4252160   91.7706851364644
323607038.1231640   92.2170986547265
324046920.8211110   92.5208339287123
324486803.5190580   92.9129202773298
324926686.2170050   93.3801734865671
325366568.9149520   93.8054368448301
325806451.61290   94.1600530706648
326246334.3108470   94.4535404528258
326686217.0087940   94.6745125143707
327126099.7067410   94.7839717865605
327565982.4046880   94.9023810345929
328005865.1026360   94.7621849764338
328445747.8005830   94.4478641692491
328885630.498530   94.1470440003678
329325513.1964770   93.8758367600341
329765395.8944240   93.6150799167534
330205278.5923720   93.3704083362648
330645161.2903190   93.2173548624363
331085043.9882660   93.2031431016452
331524926.6862130   92.9810730971248
331964809.384160   92.9130447512972
332404692.0821080   93.0206696206344
332844574.7800550   93.2316913509048
333284457.4780020   93.4749361962271
333724340.1759490   93.7569846956535
334164222.8738960   94.0648310584235
334604105.5718440   94.3382081277238
335043988.2697910   94.6428348370985
335483870.9677380   94.8776763600075
335923753.6656850   94.9174655372506
336363636.3636320   94.898069966176
336803519.061580   94.864475668113
337243401.7595270   94.8055429874066
337683284.4574740   94.7252526211782
338123167.1554210   94.6387888513455
338563049.8533680   94.6348906940043
339002932.5513160   94.5323489813185
339442815.2492630   94.2550336161797
339882697.947210   94.070536976879
340322580.6451570   94.0397847841422
340762463.3431040   94.0684398092355
341202346.0410520   94.1087520682003
341642228.7389990   94.1792421377782
342082111.4369460   94.272140459939
342521994.1348930   94.3233878975166
342961876.8328410   94.4143639200705
343401759.5307880   94.4772347230713
343841642.2287350   94.3920879802389
344281524.9266820   94.2758743214648
344721407.6246290   94.1251572571744
345161290.3225770   93.9764447374605
345601173.0205240   93.8262882712092
346041055.7184710   93.6700372313207
346480938.4164180   93.5423595176308
346920821.1143650   93.4581078136243
347360703.8123130   93.1299731743671
347800586.510260   92.7720747884283
348240469.2082070   92.5294484704662
348680351.9061540   92.3901998765185
349120234.6041010   92.2560874444261
349560117.3020490   92.1181599394862
349999999.9999960   91.9984849465428
350439882.6979430   91.8492670178388
350879765.395890   91.6641724127781
351319648.0938370   91.5283293342752
351759530.7917850   91.2717024534495
352199413.4897320   90.920840462302
352639296.1876790   90.5415612231994
353079178.8856260   90.1601453230256
353519061.5835730   89.7960620347603
353958944.2815210   89.4397164967359
354398826.9794680   89.1124410683276
354838709.6774150   88.8227993444019
355278592.3753620   88.629875180232
355718475.0733090   88.261785443467
356158357.7712570   87.8469708213775
356598240.4692040   87.5539443870185
357038123.1671510   87.3377379929924
357478005.8650980   87.1117737442404
357917888.5630450   86.9141378060755
358357771.2609930   86.6913797531034
358797653.958940   86.4308609929332
359237536.6568870   86.1533253730433
359677419.3548340   85.8522838120942
360117302.0527810   85.5133581098789
360557184.7507290   85.0553376152197
360997067.4486760   84.4957486551871
361436950.1466230   83.9710859956904
361876832.844570   83.4728527419851
362316715.5425170   82.9969919345012
362756598.2404650   82.5402296790219
363196480.9384120   82.1181617683697
363636363.6363590   81.7622241337649
364076246.3343060   81.463522983067
364516129.0322540   81.1100564822871
364956011.7302010   80.7621282722972
365395894.4281480   80.4543624617342
365835777.1260950   80.2116460373455
366275659.8240420   79.9809384398107
366715542.521990   79.6875499218178
367155425.2199370   79.3942306674553
367595307.9178840   79.0659150339723
368035190.6158310   78.6748032835771
368475073.3137780   78.2986306613403
368914956.0117260   77.9444582317651
369354838.7096730   77.444176162778
369794721.407620   76.8286356817341
370234604.1055670   76.2120751651307
370674486.8035140   75.653381772585
371114369.5014620   75.1246058552353
371554252.1994090   74.6348410968973
371994134.8973560   74.1847702353812
372434017.5953030   73.7702924874114
372873900.293250   73.4252171567982
373313782.9911980   73.0985661799278
373753665.6891450   72.7299826177657
374193548.3870920   72.3692933137524
374633431.0850390   71.9613212578954
375073313.7829860   71.5437270562793
375513196.4809340   71.1230460796995
375953079.1788810   70.6329553131007
376392961.8768280   70.1032361150418
376832844.5747750   69.5643562390368
377272727.2727220   69.0337953036462
377712609.970670   68.5150423304048
378152492.6686170   68.062062226944
378592375.3665640   67.6087182265187
379032258.0645110   67.010118876956
379472140.7624580   66.3991137305788
379912023.4604060   65.8726237775853
380351906.1583530   65.4257407293874
380791788.85630   65.0453510598944
381231671.5542470   64.6947338208186
381671554.2521940   64.3510460305097
382111436.9501420   64.0396783518838
382551319.6480890   63.7184042507184
382991202.3460360   63.3941817683137
383431085.0439830   63.0697245159997
383870967.741930   62.6632587173074
384310850.4398780   62.1294131051396
384750733.1378250   61.5506909289997
385190615.8357720   60.9696689201914
385630498.5337190   60.3936178571387
386070381.2316670   59.8414143437708
386510263.9296140   59.2956414642828
386950146.6275610   58.7751345754934
387390029.3255080   58.2870219949744
387829912.0234550   57.846327201409
388269794.7214030   57.4896747829608
388709677.419350   57.1460864325014
389149560.1172970   56.776987665086
389589442.8152440   56.4383165206288
390029325.5131910   56.1535664271652
390469208.2111390   55.9027725021098
390909090.9090860   55.6289155947411
391348973.6070330   55.352385027205
391788856.304980   55.033599027319
392228739.0029270   54.6781490887256
392668621.7008750   54.3084292591767
393108504.3988220   53.9339751679738
393548387.0967690   53.5971093745887
393988269.7947160   53.2187665861018
394428152.4926630   52.7006493986037
394868035.1906110   52.1282665466443
395307917.8885580   51.5722434979051
395747800.5865050   51.0809777852103
396187683.2844520   50.6420680100344
396627565.9823990   50.2431452723847
397067448.6803470   49.8671951266304
397507331.3782940   49.5161092692241
397947214.0762410   49.1974840122681
398387096.7741880   48.8895589784271
398826979.4721350   48.5936815592736
399266862.1700830   48.3162596284116
399706744.868030   47.9933307597749
400146627.5659770   47.550936684498
400586510.2639240   47.0656006548063
401026392.9618710   46.5533277032627
401466275.6598190   46.0639950452405
401906158.3577660   45.5710157666095
402346041.0557130   45.0734010966154
402785923.753660   44.5763759439802
403225806.4516070   44.0961619867812
403665689.1495550   43.6355360913562
404105571.8475020   43.1955895896291
404545454.5454490   42.8192825118044
404985337.2433960   42.4323720817236
405425219.9413430   42.0067617920331
405865102.6392910   41.6313159990689
406304985.3372380   41.2757468006558
406744868.0351850   40.9252513426599
407184750.7331320   40.5937284771951
407624633.431080   40.2557062454744
408064516.1290270   39.8783864871163
408504398.8269740   39.4933840647485
408944281.5249210   39.1229476172103
409384164.2228680   38.7788338607014
409824046.9208160   38.471941749506
410263929.6187630   38.2136715277443
410703812.316710   37.895473665929
411143695.0146570   37.4618124943222
411583577.7126040   37.021456380087
412023460.4105520   36.6127207711984
412463343.1084990   36.2656527438543
412903225.8064460   35.9688147294619
413343108.5043930   35.661699801064
413782991.202340   35.3441845112826
414222873.9002880   35.0290998513651
414662756.5982350   34.7050250880781
415102639.2961820   34.3764966412877
415542521.9941290   34.0645802981179
415982404.6920760   33.7422396245525
416422287.3900240   33.4205188902228
416862170.0879710   33.0163797663294
417302052.7859180   32.5216278968967
417741935.4838650   32.0289258052794
418181818.1818120   31.5552477710945
418621700.879760   31.1350653556193
419061583.5777070   30.7578769720813
419501466.2756540   30.4079683386539
419941348.9736010   30.0766823083075
420381231.6715480   29.7661866039541
420821114.3694960   29.5066763009143
421260997.0674430   29.2546844040105
421700879.765390   28.9870983163303
422140762.4633370   28.7288913647642
422580645.1612840   28.4657861333408
423020527.8592320   28.1576386645883
423460410.5571790   27.8252882642932
423900293.2551260   27.4234963955446
424340175.9530730   26.9717429207513
424780058.651020   26.5045328355963
425219941.3489680   26.0227159476742
425659824.0469150   25.5454445219707
426099706.7448620   25.0855089941069
426539589.4428090   24.6415595213763
426979472.1407560   24.237715655625
427419354.8387040   23.8628999216638
427859237.5366510   23.5352041085767
428299120.2345980   23.2480536140254
428739002.9325450   22.9649343025687
429178885.6304930   22.6802120000659
429618768.328440   22.4031737928686
430058651.0263870   22.1508323716627
430498533.7243340   21.8974285349013
430938416.4222810   21.5937376325162
431378299.1202290   21.2823006612079
431818181.8181760   20.9315923566537
432258064.5161230   20.5162921290101
432697947.214070   20.0554949444841
433137829.9120170   19.5715280003697
433577712.6099650   19.0929890616107
434017595.3079120   18.6351959797873
434457478.0058590   18.2231549141857
434897360.7038060   17.8336706839593
435337243.4017530   17.3503741811669
435777126.0997010   16.8284032414792
436217008.7976480   16.3483246354774
436656891.4955950   15.9430596517159
437096774.1935420   15.6137167756637
437536656.8914890   15.2988606199156
437976539.5894370   14.9778788675709
438416422.2873840   14.6695975213173
438856304.9853310   14.3082384211365
439296187.6832780   13.9176104924212
439736070.3812250   13.5232124508839
440175953.0791730   13.0664070171643
440615835.777120   12.5817124263681
441055718.4750670   12.089092925613
441495601.1730140   11.6071057525153
441935483.8709610   11.0187300799981
442375366.5689090   10.3352323144561
442815249.2668560   9.63018797993851
443255131.9648030   8.95888327991401
443695014.662750   8.34894854615744
444134897.3606970   7.7981294934058
444574780.0586450   7.29947120049688
445014662.7565920   6.87048364259834
445454545.4545390   6.47833162537105
445894428.1524860   6.08741858407997
446334310.8504330   5.72448387606683
446774193.5483810   5.34727785785786
447214076.2463280   4.95570069461012
447653958.9442750   4.60272685942308
448093841.6422220   4.22961037587646
448533724.3401690   3.86637247768801
448973607.0381170   3.38529904465547
449413489.7360640   2.80041922494501
449853372.4340110   2.1885957909098
450293255.1319580   1.59266561997784
450733137.8299060   1.03412474131334
451173020.5278530   0.513017224314384
451612903.22580   0.0441492258556886
452052785.9237470   -0.371189277816979
452492668.6216940   -0.742532267152619
452932551.3196420   -1.0567160866876
453372434.0175890   -1.32930381439295
453812316.7155360   -1.60609816872429
454252199.4134830   -1.87403635742931
454692082.111430   -2.14328947120846
455131964.8093780   -2.44578467354117
455571847.5073250   -2.69882102775086
456011730.2052720   -3.01480363625569
456451612.9032190   -3.45331017616826
456891495.6011660   -3.96216685490449
457331378.2991140   -4.52892977874603
457771260.9970610   -5.11556317844948
458211143.6950080   -5.70304211653084
458651026.3929550   -6.27040989920878
459090909.0909020   -6.81287438216062
459530791.788850   -7.32416149767522
459970674.4867970   -7.79809599717817
460410557.1847440   -8.22353988180898
460850439.8826910   -8.60805162894954
461290322.5806380   -8.96715715572093
461730205.2785860   -9.32580963427032
462170087.9765330   -9.6896327773063
462609970.674480   -10.0494577357222
463049853.3724270   -10.406178727043
463489736.0703740   -10.8071950528509
463929618.7683220   -11.2854354303777
464369501.4662690   -11.8618746753631
464809384.1642160   -12.5164503522488
465249266.8621630   -13.2284688839262
465689149.560110   -13.9755301032551
466129032.2580580   -14.7410048349009
466568914.9560050   -15.5178301173053
467008797.6539520   -16.2959994199274
467448680.3518990   -17.0629313084611
467888563.0498460   -17.7954795034464
468328445.7477940   -18.5061756000557
468768328.4457410   -19.1778664888115
469208211.1436880   -19.8352320747899
469648093.8416350   -20.514664483144
470087976.5395820   -21.1846013816044
470527859.237530   -21.8364224192298
470967741.9354770   -22.5282065617281
471407624.6334240   -23.2495793543961
471847507.3313710   -24.0511446617973
472287390.0293190   -24.9279803307952
472727272.7272660   -25.8713838390352
473167155.4252130   -26.8564807678044
473607038.123160   -27.8667094184503
474046920.8211070   -28.8814769771068
474486803.5190550   -29.9116368273061
474926686.2170020   -30.9187670918621
475366568.9149490   -31.8765606076512
475806451.6128960   -32.7896605357024
476246334.3108430   -33.6563273426422
476686217.0087910   -34.4541400267845
477126099.7067380   -35.2253427756753
477565982.4046850   -36.0182425919348
478005865.1026320   -36.7729213446302
478445747.8005790   -37.4948118606156
478885630.4985270   -38.2572088309446
479325513.1964740   -39.023273900613
479765395.8944210   -39.8581297031576
480205278.5923680   -40.7948595259699
480645161.2903150   -41.7670812155595
481085043.9882630   -42.7810289122809
481524926.686210   -43.7945118531833
481964809.3841570   -44.793953601528
482404692.0821040   -45.7702032713075
482844574.7800510   -46.7010725763985
483284457.4779990   -47.5323954090738
483724340.1759460   -48.2703300562156
484164222.8738930   -48.8988015851356
484604105.571840   -49.4304236248414
485043988.2697870   -49.9008186682223
485483870.9677350   -50.3401341079547
485923753.6656820   -50.7146662226325
486363636.3636290   -50.998531466468
486803519.0615760   -51.27248738474
487243401.7595230   -51.5741898915473
487683284.4574710   -51.9495752965087
488123167.1554180   -52.4858728161445
488563049.8533650   -53.1327835795907
489002932.5513120   -53.8906457701635
489442815.2492590   -54.7553704368424
489882697.9472070   -55.7173642811635
490322580.6451540   -56.7580217196149
490762463.3431010   -57.8708620731705
491202346.0410480   -59.0148594819301
491642228.7389950   -60.165231911565
492082111.4369430   -61.3056678016019
492521994.134890   -62.4670751971828
492961876.8328370   -63.6537540200398
493401759.5307840   -64.9250942047795
493841642.2287320   -66.3101913276665
494281524.9266790   -67.7074253485653
494721407.6246260   -69.2076676022483
495161290.3225730   -70.8763690063717
495601173.020520   -72.7549036576341
496041055.7184680   -74.9138811766218
496480938.4164150   -77.3043414693421
496920821.1143620   -79.8812548514132
497360703.8123090   -82.6003231980857
497800586.5102560   -85.4215247663002
498240469.2082040   -88.2780215537334
498680351.9061510   -91.1652389369638
499120234.6040980   -94.0520391051456
499560117.3020450   -96.8640256296461
499999999.9999920   -99.6609927438626
