2.543119292505038362e-10
4.634410233582054788e-10
6.501779929726608492e-10
3.868925189088592316e-10
3.203973394853449757e-11
2.119824669570220317e-11
1.224186191325166475e-10
4.066050141674858594e-10
5.280418125272017592e-10
2.090353025046328790e-10
6.968449485652574462e-11
5.374339542233297379e-11
6.978215942730032998e-12
4.933786022291657366e-11
1.175168498170822707e-10
2.118609371653641033e-10
1.769825769665966378e-10
9.620373969570196794e-11
1.524561862145872896e-10
3.827306813952056017e-10
3.581830325868478770e-10
1.951538870118330457e-10
1.829901246670040664e-10
3.544088333966171408e-10
4.216019564412852841e-10
9.564281121410054679e-11
5.266349765560100489e-11
1.029655718278380822e-10
1.786127669651465562e-10
1.802441874847524826e-10
1.468397136310779735e-10
2.777701554891283169e-10
2.082407096877557129e-10
6.877420749538448829e-11
3.622558912387071715e-11
4.398575989224571139e-11
8.936215371322858393e-11
2.493324883241920847e-10
5.205802706111009140e-10
4.734333397160955640e-10
2.506825385267514691e-10
1.680692162304015767e-10
3.409581934778165270e-11
8.136523547159667782e-11
9.107043498910966416e-11
5.344462253434772613e-11
8.505964644022783943e-11
2.448051419885803639e-10
1.980621074350289347e-10
5.603438547486123895e-11
3.283577507206439349e-10
2.934637248309948892e-10
2.782992664009818385e-10
2.980633923693806523e-10
1.037709945267086890e-10
8.601322271773148688e-12
3.560600242663241724e-11
1.012873961479097059e-10
8.955028874428605341e-11
8.889050305989263491e-11
2.104155497079725560e-10
7.208649419778005942e-11
1.529047233456019173e-11
8.016626391750647429e-11
2.267169062018685923e-11
9.614587313505693331e-11
4.196756127225874680e-10
2.901570605998725616e-10
3.002089943569826443e-11
2.294721210951234311e-10
2.633723705174103158e-10
1.410756106262254366e-10
3.327599923112395446e-11
1.026013761113971038e-10
1.005142128643452418e-10
1.520831252931879069e-10
1.586543395983285269e-10
2.302475255306363815e-11
2.576181638198877721e-11
7.341493070479061781e-11
8.983208670705792593e-11
3.895946459467850953e-10
7.926455257689393096e-10
2.847970597657448002e-10
1.019388353605904584e-10
1.035025840289564882e-10
3.411724072268613930e-12
1.224646498095026237e-10
1.828392420967461921e-10
2.310216422948741059e-11
2.247159857453222015e-10
6.165397250245041277e-10
2.623502059656807999e-10
3.392746882741114864e-11
1.513104224112128504e-10
5.846707419532835895e-11
7.085044540794996648e-11
3.732817405268712165e-10
1.985965098079255917e-10
2.299720570119397771e-11
4.825360962384096506e-11
1.775254495428490220e-10
4.024996819947034754e-10
6.027667940856161149e-10
5.435913583760838199e-10
1.510834116299636629e-10
9.949248089162471015e-11
1.969106451272355510e-10
3.502583841067730794e-10
6.038511302823966763e-10
1.613617048528971413e-10
6.357632914486819479e-11
3.227763972655765753e-10
2.286708814519325140e-10
5.052159370894383496e-11
6.349588920433337215e-11
4.618627912851959784e-12
9.769235011356671554e-11
1.574120843440579597e-10
4.652380578800169134e-11
3.477446852738228028e-11
8.506044096630796831e-11
1.871131837319992622e-10
3.742072187712560455e-10
2.443411638185999439e-10
2.360614027646112608e-11
4.336223272996843598e-11
1.175901759761753140e-10
3.082048022136138605e-10
5.116414805314720010e-10
3.061667864634538719e-10
4.857007845069598049e-11
2.239872442841953532e-10
3.817288997161336840e-10
5.082940293785613038e-10
4.670122926973932633e-10
1.130024963369828775e-10
1.213331585316266629e-10
3.844100450986399057e-10
5.788311283075992451e-10
4.431513891774686631e-10
1.542153248571820595e-11
3.017427853358276596e-10
7.395209702509457376e-10
7.485414503559383292e-10
5.420289400065501041e-10
1.835996324327840877e-10
9.924931925240582189e-11
5.429670705303729207e-10
4.795519697046064111e-10
1.691871283954559053e-10
4.759872249470275312e-12
2.614563466712941788e-10
1.155722330507910873e-09
1.315934970893883254e-09
4.225385063028595918e-10
1.805628669763510205e-12
2.446716187718911208e-10
7.916082820391090968e-10
1.100990222024419588e-09
3.698171911111502326e-10
1.443719026866899445e-10
8.919265570014634755e-10
1.222848503699096804e-09
1.178759222105670978e-09
5.993375134717888995e-10
1.112186804164666512e-10
4.284316166728551701e-10
5.148693683304658911e-10
1.108996139000473816e-10
5.470662844156640396e-11
3.519923081163421828e-10
9.244931839412653758e-10
1.084639583874036168e-09
4.224910835163168759e-10
3.685567073304487905e-10
7.662918202636282400e-10
1.020268919415318117e-09
7.438924994181892537e-10
3.118111858625540474e-10
1.371528293232993394e-10
5.782236180842122620e-10
9.820296375611185738e-10
2.741028667583789884e-10
1.485620268628861692e-10
9.914416376245346734e-10
1.261896845503691226e-09
6.177171382858311260e-10
1.815390461780454110e-11
4.177339214463825858e-10
1.027153750978557426e-09
7.584760237355139426e-10
1.508645541654989512e-10
5.324882730684455956e-11
5.921157431098868064e-10
1.109134322167624403e-09
6.316551621204323323e-10
4.410094405569627146e-12
2.994298702918467518e-10
6.391786361853962210e-10
6.740173409065515442e-10
2.546397706450492149e-10
1.173132504336316602e-10
6.941029583781941889e-10
1.074733861902858585e-09
4.547861428652637977e-10
2.144917275657442499e-11
5.408041883121057886e-10
1.019538524497691184e-09
4.303158784683147455e-10
1.378386029648145839e-12
3.336511180427449897e-10
5.979910630455972141e-10
2.795433344428937712e-10
1.303231682851516352e-10
7.220657258385934835e-10
1.075151282365268025e-09
5.879594335921019638e-10
2.119136010948469583e-10
3.167204089486315570e-10
7.956558445494407378e-10
7.995441544220507803e-10
2.952206791438304496e-10
5.833167698753570050e-10
1.335330521514920721e-09
1.092997448190215533e-09
4.114089475262573953e-10
3.863879535080400607e-10
8.196150525949936732e-10
1.048442629272626671e-09
7.494704549880159709e-10
5.112107724440846729e-10
5.909188873466298778e-10
5.066063284652798622e-10
3.319197654952058030e-10
3.761215721386445102e-10
4.541945922770689271e-10
4.981761684321758561e-10
4.408172047943194645e-10
4.234266530675481427e-10
9.236843105314282104e-10
7.689764496597317808e-10
4.526994436195846125e-10
5.535492070692298265e-10
8.363814766293661177e-10
9.298414949064004889e-10
8.415817405737418818e-10
1.218558222917247758e-09
1.244060701439942526e-09
5.704094187676832797e-10
1.722846229956536941e-10
3.089115537047655148e-10
7.533824897044049045e-10
6.500659636165234951e-10
4.634126883057639592e-10
4.862070746801067345e-10
5.547443849539315005e-10
5.349846543320855723e-10
7.170576938853471094e-10
1.347184650575673171e-09
1.540605156156398645e-09
1.384799823114897737e-09
1.319743210885918360e-09
7.941803016035513811e-10
3.934230160016583998e-10
4.707792290428514092e-10
1.141131513817718810e-09
2.076993193833518736e-09
1.707053725412822023e-09
8.360453111261642352e-10
3.873352476946014802e-10
5.172526338698056547e-10
7.478837148462145216e-10
1.099874015965945170e-09
1.178394238029344729e-09
8.543660273455287282e-10
7.831955698412785766e-10
7.184846762474917879e-10
9.704544292312501641e-10
9.496599465693790355e-10
4.240262655330608721e-10
3.126640606703054221e-10
5.969075179549182288e-10
1.313999689459930961e-09
1.962552723867752335e-09
1.821196885574296359e-09
9.264935804413195681e-10
4.176599643979640766e-10
7.750192254369479622e-10
1.134199522376932652e-09
9.838032322087301961e-10
7.789839679617797555e-10
7.828925700079215413e-10
1.018094579817300700e-09
1.240262573757076354e-09
8.113566391233867663e-10
8.343717626865691683e-10
1.320345637341678407e-09
1.159939805953067253e-09
1.202526125124398439e-09
1.104324922618538213e-09
4.477133998443821970e-10
4.003097444035113102e-10
1.153774587401943789e-09
1.252529227639350090e-09
7.959910969658095903e-10
6.108326011497409854e-10
6.028148469287029994e-10
1.728640731236857407e-09
3.444945265207525223e-09
3.666794104626577891e-09
1.223863081941434071e-09
4.300678918889478029e-11
6.290604152058489464e-10
8.048550650020776590e-10
2.236763062751748627e-10
6.511066865317339290e-10
5.049597174812277713e-10
9.743604912467444759e-11
1.118339534455317344e-10
1.286265589727166206e-10
3.257692746999591333e-10
3.600821547436537770e-10
1.419186619073116491e-10
1.651890326041838190e-10
1.046111670851924649e-10
1.215848057494970406e-10
5.386408162291087313e-10
3.925520016299513533e-10
7.809381230961230940e-11
6.667442620080042982e-11
1.877850096413351651e-10
4.248588784196625411e-10
1.687537824099177385e-11
2.873152655214718187e-10
2.066724948410801427e-10
5.265413785876917070e-11
1.971534590651749036e-10
1.535766817437503921e-10
2.010465055557239869e-10
3.371878397815976365e-10
7.519181012144995220e-11
7.192078616339976889e-11
1.092908208116879848e-10
9.584309138641935810e-11
2.309760630354746702e-10
1.024067166872771929e-10
1.363804082969249350e-10
2.624151437621669091e-10
2.693118509763090181e-10
1.806994577271619882e-10
7.736625338324341680e-11
1.243275343497463968e-11
2.829106212691813655e-11
1.792988753650829817e-10
2.382731794630888989e-10
1.139709712524145839e-10
1.761203079617738562e-11
4.563756927996935555e-11
7.688235392110105642e-11
1.659802053106931097e-10
3.328067303625710193e-10
1.845926432460631356e-10
1.649491595292436967e-11
1.850916470563033909e-11
3.879039164417636012e-12
6.120689996140827146e-11
1.856934822797631469e-10
1.028096406473928843e-10
2.502205523674208828e-11
3.244345161733611789e-11
1.025285791041972477e-10
9.697212793670542186e-11
2.424099549718730605e-11
1.516272653486233749e-11
6.463987291447769975e-11
2.173827469465263074e-10
2.839500051300795882e-10
1.291206737507071283e-10
5.957132299873477755e-11
1.387452125465433897e-11
1.154059641163005749e-11
1.860546407662100955e-10
2.974744336362616157e-10
9.256276617911581123e-11
9.972855761016423253e-12
1.269467820070038081e-11
3.947489141787847500e-11
3.768425903397190936e-11
3.313019328526143610e-11
4.518649496428444839e-11
5.849829336707598401e-11
2.169702953802597522e-11
2.187581447237072365e-11
7.888724118322413952e-11
3.342188107594530626e-10
2.956625491374435886e-10
8.517414137893854172e-11
1.171108758989867893e-11
1.041093653531557684e-11
7.437246094003389340e-11
2.443674978735724827e-11
5.989356931029476842e-11
2.267298187076111770e-10
2.305298941764178834e-10
1.312498867663042662e-10
2.211087680845334505e-10
5.461192937789851886e-10
5.183337954344954122e-09
5.414886593263047980e-07
4.378589188076836106e-06
7.017022620279877690e-06
2.672511873097224994e-06
3.011036714886560520e-07
6.211756945394716361e-08
4.366834374516718790e-08
7.002136903589524854e-09
7.903582754730790520e-08
1.037638108887071942e-07
2.093293053564494529e-08
2.835138264170105038e-07
1.164944880662928293e-07
5.087932743621848395e-08
1.069162834607854173e-07
4.315973928898470243e-08
6.293226729362853693e-08
9.483931288211665483e-08
7.053907138803403848e-08
1.632017299089218107e-08
1.591098608383383675e-09
4.131038859202380055e-08
2.310159241137815365e-07
3.447448239150883131e-07
1.816394768858621111e-07
8.166000283144841317e-08
9.617223160181051660e-08
3.571045484830611646e-08
5.263447558338451552e-11
5.396485584434408973e-09
5.426013972840133800e-09
5.200538164926922220e-09
1.734012723558358208e-08
3.786969204715887901e-08
2.432809332258664589e-08
1.379384956573399366e-09
2.954885598641358410e-08
2.822033536275145644e-08
6.848537332469806943e-10
1.711389625355973646e-08
1.043018103706753941e-08
1.668824311471544385e-08
5.831346911440181311e-08
9.022524889016438298e-08
1.176204554958706763e-07
1.090883434622425328e-07
7.048026526797867382e-08
5.250403246671098672e-08
7.863393802213778972e-08
3.782298577245188728e-08
3.672561421292705144e-09
6.798297353147019775e-09
2.714641256760085198e-09
1.554765887968019587e-08
1.581761883326203160e-08
1.586160814080914991e-08
1.518182354958046299e-08
6.915067423198029007e-09
4.382523103789508396e-09
4.009708556207145196e-08
3.589444237873088266e-08
7.109628829673256982e-09
1.769944370737869527e-08
4.313403939683577307e-08
6.042969302378712424e-08
7.865322506373398018e-08
9.194430416965088923e-08
7.819424867663137689e-08
6.529327966347658707e-08
3.581198019331518320e-08
3.575195980404182471e-09
2.365274736129210043e-09
2.124082496571589003e-08
4.297574932337484196e-08
1.203053448011831280e-08
2.393213195357017806e-08
6.323172342332739443e-08
3.115778555573092610e-08
6.176316157094789368e-09
3.399402474956299355e-10
6.943914241848362509e-09
1.419338489216963573e-08
6.079550617227362584e-09
5.622683058051930771e-09
7.600714216000329541e-09
2.019436409111025419e-08
2.554146924480478801e-08
4.503780172526212967e-09
5.678126004064120414e-09
1.492807402888801912e-08
1.959225110177404431e-08
1.779425098339617991e-08
1.390980720597877534e-08
1.543556506490142832e-08
2.541298138486210644e-08
3.332176659130736466e-08
1.855046582321981040e-08
1.158265031401899706e-08
6.536416739557506774e-09
8.045248640460312255e-11
1.332665023283666073e-07
1.092520582930711116e-04
3.598145462078558652e-03
1.821607578565654847e-02
2.064220934907121108e-02
6.019726105706397178e-03
3.329145355708743644e-03
3.756334383012828113e-03
3.298892747657924062e-04
7.193658014482287675e-04
1.591300187591807025e-03
7.730459929083997959e-04
2.572388492900138778e-04
2.414623632465659779e-04
3.702699260645056804e-04
3.013681429384395595e-04
1.345144635852383056e-04
3.943162296143278738e-05
4.960821888952524924e-05
4.972650179962892633e-05
2.387249119632407434e-05
4.264756122318410791e-06
5.297662255930223540e-06
9.629288675620183938e-06
8.024401081356853915e-06
3.578440460785085756e-06
1.344162245596350931e-06
1.838445614978452782e-06
3.139114326351673917e-06
2.599781318911523779e-06
5.981166035510403783e-07
1.360701341782432440e-07
1.056645666003666836e-06
1.003510953047430067e-06
2.813531743177049465e-07
1.767246323511025196e-07
5.004977373661820426e-07
6.824465232350737847e-07
4.261864227892682890e-07
1.161950036201985697e-07
1.894083894583744794e-07
3.027396236422661521e-07
1.259419207565115996e-07
2.761023559110513437e-08
6.337710085845520419e-08
7.400759616586658759e-08
7.188368814233246853e-08
2.838345464211289601e-08
5.759822474672215654e-10
1.114022882754776400e-08
1.891679379086396917e-08
2.469642962875428326e-08
2.018062762530962993e-08
1.415863199203246291e-09
1.076146696130603067e-08
1.767378386440060373e-08
1.129624601769694658e-08
1.704708370763734430e-08
7.639926941760960115e-09
2.142597774565677713e-08
5.433879431368371139e-08
2.933372846344709483e-08
9.488814051855778961e-09
1.493991133879440673e-08
4.959524651880050099e-09
3.347283978557026013e-09
9.073976228167850454e-09
3.567073768426004138e-09
1.893263650718993878e-10
2.286903756986591194e-09
3.373212732746266661e-09
7.547830629623541103e-09
1.260983707909928446e-08
7.983983583542916093e-09
3.258257743250542019e-09
5.893280131595642054e-10
3.446907901126499840e-10
2.439868466064563105e-09
5.923114807480613361e-09
8.028775176601783322e-09
5.241967301764710646e-09
1.534281085192189392e-09
2.834623399339520090e-10
2.668536098929579347e-10
2.801553928377028253e-09
3.447687708103283175e-09
3.006882732789414557e-09
5.847324824080125440e-09
4.351086746970626279e-09
2.162431029057588769e-09
2.703534296595661463e-09
1.594969748518597740e-09
2.254828789739675348e-10
7.206764564266650420e-10
1.019533850830359758e-09
9.464872762597862148e-10
2.003833648128327697e-09
1.470034155887804825e-09
3.180322176144495269e-10
1.036899685214693435e-09
3.579044209565766488e-10
6.734335042610965372e-10
2.370174905337555996e-09
8.737511991777558740e-10
1.450372836555375459e-10
5.354686956067318027e-12
2.351604607892525973e-10
7.874375241427512265e-10
6.552391459122886261e-10
8.801158243450632136e-12
7.282564221431710991e-10
1.677983394547656651e-09
1.109253521790820834e-09
1.277385460801192367e-09
1.615456340704778307e-09
4.901800589363747884e-10
4.004361793815309184e-10
8.576342642331490192e-10
6.646087328798182099e-10
3.747831858089598727e-11
1.479945250629868235e-10
8.965326875511554685e-11
1.338185100336389950e-10
2.784120319769796748e-10
3.651651003644568954e-10
3.231120594786457502e-10
3.391664590776303655e-10
5.406385335697661482e-10
2.088928887610857556e-10
2.692296031985594916e-11
5.749625440269185050e-11
1.011560350742451032e-10
8.057855665940720199e-11
1.042023233468675556e-11
1.251828722393946073e-11
2.695694783233486773e-10
2.656520447494419966e-10
3.678241495450888240e-10
7.029645666773676901e-11
8.682848239509325688e-11
7.540484102679050818e-11
4.790191001324916008e-11
1.012118876717538528e-11
1.260496691682075942e-10
1.098340780821977248e-10
1.740520133382839915e-10
4.516919814147871650e-11
1.229889075691016338e-10
2.242572335531421204e-10
2.778903364892386063e-10
3.176756326761783723e-10
6.013477934763654651e-10
3.563843801663472455e-10
5.952727813988986215e-10
8.420896887276014159e-10
9.462874740752675667e-10
6.843357644629004518e-10
1.443299832987416071e-10
5.046626346605202634e-10
6.971422198925735349e-10
7.678299372272181734e-10
4.281919813966954232e-10
3.113394700856709397e-10
1.482136832949466128e-10
9.141141012723183974e-11
4.637754546838014933e-11
7.110449097754603349e-11
1.615941590418669821e-10
2.212500562437976224e-10
1.744185473549362458e-10
4.435703353307956588e-11
1.581614721934475783e-12
3.457485283578681228e-11
3.475258822345063259e-11
7.115203401897984251e-12
2.662987626646127615e-11
5.570081364459815044e-11
7.110547225918526154e-12
2.582526552455418531e-12
4.274820992583858102e-11
4.153976418193759599e-12
1.720813320449464178e-10
1.311049039281717509e-10
7.462012355390192580e-12
1.512143933231882896e-10
2.022868427461424577e-10
1.499177680592724299e-11
5.886773425358959717e-11
8.318567366382673853e-11
8.164769272691683172e-11
1.324496356738636115e-10
7.727389975255258809e-11
1.602974081652803360e-10
2.229140229235638438e-10
3.780242900715397607e-11
1.469722156383977081e-11
1.348835023993541363e-10
8.054886821954803083e-11
1.599556204087480049e-11
3.063340334274049838e-11
1.020681006647093813e-11
5.085433144646880665e-11
2.378528220659807710e-11
1.043780386492455041e-11
5.285751919451089557e-11
1.455879289916344622e-10
3.863245406799593436e-10
4.688413802121890445e-10
1.007102749286286378e-10
1.039262069968314697e-10
4.145469975939657994e-10
4.596994101017166244e-10
2.192848213004738507e-10
2.502602704105155058e-10
3.565435975089354535e-10
1.769360935640910609e-10
2.497709730631237553e-11
2.138657613078026393e-11
4.345931651044802850e-11
2.274149849683843444e-11
8.123112480993122420e-11
2.069928984844581586e-10
3.164901174386403793e-10
9.964112779271654817e-11
4.368035980145116456e-11
1.601693451577856625e-10
1.574569386518457180e-10
9.304538282575907788e-11
5.923148314863174973e-11
1.221220158384674086e-10
3.456624614752548542e-11
7.265987513246715567e-11
1.991047420098832057e-10
2.905468502401314350e-10
1.537620422323570472e-10
6.202412642932749487e-11
2.921401686956770596e-11
8.238686290435176272e-12
5.856388928000757004e-11
7.646976162020446808e-11
1.218999782076972588e-10
2.079381487638866635e-10
7.499213561639316500e-11
2.489219786112215871e-11
7.189085594347599558e-11
4.357382173215676626e-11
7.574531231997395146e-11
6.314813434417458087e-11
6.050610972068607418e-11
2.529897379764516810e-10
4.216976718183155707e-10
3.338716296061023603e-10
3.955813926470587461e-10
3.092620508760055760e-10
8.400998153123984091e-11
1.102997874757169207e-11
4.089886442309999542e-12
1.812083720106186702e-11
1.436347248995951917e-11
5.837599980611399639e-11
1.659797427570271127e-10
7.755487303165957056e-11
3.851500254222037162e-11
9.812722049501871459e-11
1.671487626155402186e-11
3.919182091115514794e-11
1.420975414111017865e-10
8.216787283633803031e-11
7.896010016267776998e-11
1.902997481015093959e-10
1.205098367728983210e-10
4.908376036607790418e-11
1.248826025258181932e-10
1.120479637394354617e-10
6.941081046118211532e-11
1.503102655759332582e-11
1.048504708014077246e-10
8.369247334744876036e-11
2.172589188145935960e-11
9.896728860025758321e-12
3.800671664717101921e-11
2.640071656633840005e-10
4.647388494318218230e-10
2.432318225511802996e-10
3.763961383920646310e-11
4.086147858205218614e-11
1.029158636433239418e-10
1.033780633734917527e-10
7.429277708260857605e-12
4.838830381813752819e-11
1.764043026760729981e-11
7.045010294080558635e-11
3.306039493491441988e-11
1.238213604514446779e-10
3.368182334024583560e-10
3.530489032876562246e-10
1.786711685025275677e-10
1.020104878877916468e-10
8.430831319268957130e-11
5.551371874335884509e-11
1.680943986450331964e-10
4.050350911690409057e-11
2.010124809011399565e-12
9.386473756138233072e-11
1.235985332181005841e-10
5.525166830023456711e-12
2.688652249336197908e-10
3.213960841801760522e-10
8.533947104027720546e-11
4.064505034237181205e-12
1.354992313464103629e-12
9.524356963527474687e-11
2.405990776777774009e-10
1.080587019122450679e-10
9.574033731872331517e-12
9.787642900834461319e-11
2.066866216659032636e-10
3.878961902335979866e-10
4.038480137435994045e-10
2.256188320174589035e-10
1.565498011307349909e-10
3.175921450495066848e-10
2.793495632045135918e-10
2.528537436071405468e-11
1.772428749453691591e-11
1.107929253799734419e-10
3.190901431167324181e-10
2.649133583296620338e-10
4.329545378315824834e-11
2.578842122703699485e-11
3.016396528669073551e-11
1.112723486811850235e-11
2.900845161100509175e-11
1.862530284684601752e-11
8.005563347980111766e-12
3.321020567163044508e-11
1.146987402748405409e-10
2.246702856797615059e-10
3.022361903160865653e-10
1.802567045392505607e-10
2.821592936153291535e-11
4.064273499963533299e-11
6.906745011417201774e-12
7.542701086580997071e-11
3.849868204756906125e-11
1.109066995046960878e-11
1.296319683457474544e-10
2.751632119648119717e-10
2.023087267861277407e-10
6.716842755702161733e-11
3.963292087623762054e-11
1.507932433953132222e-11
1.020237637298885284e-10
1.776596948333980136e-10
2.824113549697546037e-10
3.678597437382294064e-10
1.183522850741353430e-10
1.231662714002681220e-10
1.506358702516366820e-10
5.970808580687294666e-11
1.033579983365537481e-10
8.406312381220824753e-11
7.707222066372876763e-11
2.145296731092381631e-10
2.445305546927939335e-10
9.748221105712409695e-11
3.821792053373308118e-11
3.494630684132673840e-11
1.059345057878400051e-11
9.325795452918480109e-12
7.134537172064353773e-11
1.285681609480501300e-10
1.040086072298405360e-10
1.060336577349135063e-10
1.286671219832944020e-10
1.312165787680764793e-10
1.389976316750222065e-10
1.219733942513175044e-10
5.304250952055389659e-11
3.870440836493980570e-11
5.398168674642605965e-11
1.195674388085741812e-10
1.805224494709551516e-10
1.280751715715276193e-10
1.960901890871194998e-11
2.019948111456353221e-11
3.234099454870391351e-11
5.966858927238540637e-12
8.779218053712429555e-11
9.522861901437146305e-11
1.220601043012535714e-11
2.521385784220844829e-11
7.066463589504471855e-11
4.808628456031116616e-12
3.125581063953468603e-11
4.084475161320116374e-11
6.869953193407257481e-11
1.616708256289231270e-10
2.341913916216359266e-10
1.242398073582151402e-10
6.054447818389878589e-11
8.267033673583179789e-11
3.262833497822155245e-11
1.396851549569122322e-11
1.191630528628197761e-10
1.192180014298602309e-10
6.860919846397987624e-12
1.399555109005303591e-11
9.172604248137135241e-11
1.985504844507700814e-10
2.147552820210647687e-10
1.530849145068467092e-10
3.150629102062786258e-11
6.204057888138261480e-11
2.569963223348788761e-10
2.469906136046987578e-10
3.808446180361295077e-10
3.992646147506368994e-10
2.349032222011699598e-10
2.209209058297271369e-10
1.782042239752042252e-10
3.030976043762549976e-11
1.479324591696587609e-11
1.235576955694400566e-10
1.641556110949630336e-10
1.081053057987189040e-10
1.467988824733653894e-10
1.141042862385405917e-10
4.175754153711579832e-12
1.847902487205300806e-11
8.073052348137191240e-12
3.859592949440815609e-12
3.706041196678442472e-11
7.829370601574091316e-11
1.069902951146326080e-10
8.515304906617685984e-11
3.860295846870282633e-11
5.660636236876569168e-11
2.512271113630487574e-10
2.251968292670028705e-10
3.002447770506667771e-10
4.528219541494433320e-10
3.694056493899320969e-10
2.612019266450986439e-10
3.159512209271877163e-10
3.548873262187970489e-10
1.709201832211457013e-10
3.150640476746006722e-11
8.567951340680027630e-12
2.539474823679160099e-11
3.604877140704707080e-11
1.103718521023515344e-11
1.342588352423432559e-10
9.016611120746758107e-11
6.782786713364433367e-12
1.841546065293742291e-11
2.587657303456633450e-12
5.684639778589437107e-11
2.332984877563858660e-10
4.248781298278841650e-10
4.261295033479738781e-10
1.592937839210031272e-10
7.695304808690641719e-13
2.402032085998939584e-11
1.059391268509212003e-12
5.375019480298506657e-11
1.632709075081713869e-10
2.407827957318571579e-10
3.272762503485475694e-10
3.404963737451634386e-10
2.191364477612413959e-10
6.510078350441984897e-11
1.624956827246323530e-10
2.504381792393409157e-10
8.228291176070606116e-12
2.621137911586037248e-10
3.737332225064203115e-10
3.179760838592513008e-10
3.940112305374266538e-10
2.086924553225153498e-10
3.948963132346197436e-12
1.604844912084243749e-10
2.322337877143678377e-10
2.260349821421755328e-10
1.133311494256056948e-10
1.300893705929019165e-10
1.475870439937831470e-10
4.170054932763764802e-11
2.589669345639563283e-12
6.600347604552823569e-12
1.894869038850532528e-12
9.149535360030547557e-11
3.555640584882821964e-10
2.294558792069091564e-10
2.129678652361480426e-11
6.369833602295599662e-12
3.616453064739240274e-12
2.885598397980531540e-11
1.379286281710029626e-10
2.445718424067561195e-10
2.852449007291505076e-10
4.198885508903419400e-10
3.822601883952239615e-10
1.322410005398458131e-10
8.937421869788577127e-11
6.751490648045949294e-11
2.504690698802984819e-11
7.421946176206887965e-11
1.609587759047665121e-10
3.405944264146692269e-10
2.974134226615222708e-10
5.108849463480745480e-11
1.434830686155626270e-10
1.592218189890454052e-10
2.064354542223596286e-10
