1.613299697625567153e-10
1.197103654077451541e-10
8.611877422113127770e-11
8.106113960799527035e-11
1.145181900720879611e-10
1.407675385357576799e-10
1.845801908065996776e-10
1.408578990612245494e-10
1.002560862405645953e-10
1.918512407481007052e-10
2.960949975555370499e-10
1.744844376127816504e-10
7.640203627655452696e-11
6.933829343864059862e-11
8.296566061110215449e-11
7.996088284609410333e-11
6.261645890185165079e-11
5.402578656938098936e-11
5.033992692399029014e-11
4.497626234475134372e-11
5.984868891271126639e-11
1.104635521746857152e-10
2.292948186984626948e-10
1.630166679181452685e-10
5.903266238206805635e-11
4.328562878681593346e-11
7.101664655916918920e-11
1.242980162792982237e-10
1.502190481609517363e-10
1.767610738158469048e-10
1.376247330604517525e-10
6.055204913382692808e-11
9.356366414141828060e-11
7.372601078211216559e-11
1.047968676734019563e-10
1.219776684395935298e-10
9.228854569596657295e-11
1.204586197842800026e-10
2.205904327588192805e-10
2.907864883019786454e-10
1.489007252171048182e-10
5.838093091002124206e-11
1.020538634257185961e-10
4.613710399016604114e-11
1.438909846712514638e-10
2.827488566591592322e-10
2.341074513372525882e-10
8.402265735750651728e-11
2.325954331770835399e-11
3.236261335802399110e-11
2.185230808708136720e-10
6.538253683763317850e-10
6.934672475602505706e-10
2.958878430673971520e-10
7.006654810519785219e-11
5.127647425937196436e-11
1.042532672791797713e-10
2.293737031891760547e-10
3.768514113939173306e-10
2.005827747464727866e-10
7.040261562495775306e-11
1.508141169939379155e-10
1.247698132686889824e-10
1.442825782023075628e-10
1.284942919926009564e-10
9.912122775015393518e-11
2.132382121241927747e-10
5.604676209973034116e-10
5.986855171769347534e-10
2.343106595800471589e-10
5.653769735457956570e-11
1.751235992991750217e-11
5.685318750650305263e-11
2.434598263821690186e-10
4.158448902900104541e-10
2.371825556995748815e-10
5.224467441521652605e-11
1.717915107732764975e-10
3.584231757570842085e-10
5.139915499552077338e-10
5.680088359322644659e-10
4.640362970209028630e-10
2.544429316799375727e-10
3.019066689827437755e-10
3.620120623160820878e-10
3.259619816909035932e-10
2.500774154153829016e-10
8.923175657758225298e-11
1.317228087950955988e-10
3.714147021174364344e-10
4.271157128703489204e-10
1.878203862467605723e-10
4.182450268944053107e-11
2.265268781674233393e-11
2.194064913796594272e-10
5.333418522756314691e-10
5.015265472250418553e-10
1.709915092731723463e-10
4.390848381994209399e-11
1.432747906172304884e-10
2.396467757535053418e-10
3.374148181542716177e-10
2.319972110175109217e-10
6.914329592114409283e-11
1.561798761240601897e-10
3.057503521270600607e-10
3.536100572223457946e-10
3.274204292774344654e-10
1.404730738793248544e-10
7.010913787844139918e-11
3.873650308280670555e-10
4.866595718724107910e-10
2.980587414047325134e-10
1.066468463594093847e-10
4.622545198857518478e-11
3.571270845781925100e-10
8.257473927978826106e-10
6.901497437891693399e-10
2.086992471454701268e-10
4.978185948675944171e-11
2.341582244026533288e-10
4.837237419543417624e-10
4.290249094332900185e-10
1.116484673274245924e-10
6.448155151299905334e-11
2.912223212964393455e-10
5.773691800407377248e-10
7.743306115844734393e-10
4.895110623977681543e-10
3.539372647231335621e-11
1.650162120061335443e-10
3.959001654988075993e-10
2.901038688319270738e-10
2.145823089107875682e-10
2.945853333510217586e-11
1.318296471100016396e-10
5.106288036956647749e-10
3.985054557517227888e-10
8.873003236048722952e-11
3.445925378684552240e-12
9.423423289883884975e-11
3.530759809149495063e-10
4.149467062432110534e-10
1.041408966396126673e-10
2.322890632174922353e-11
2.286041835029092255e-10
5.007804864700677535e-10
7.260668062996461101e-10
3.881571320319186307e-10
2.214350797154270216e-11
2.453867042246841512e-10
5.758788235017241566e-10
5.475141613445501637e-10
2.219887063076308125e-10
2.481651990821554058e-11
4.558144877099375959e-10
9.421885015489895488e-10
7.765431645508757975e-10
2.722418161150318684e-10
1.249401986310686020e-11
2.334390208128015254e-10
5.369374852735459127e-10
4.071245849148178089e-10
9.107782778581354575e-11
2.877569415954805263e-11
3.868360806986607765e-10
6.740709782035591846e-10
3.685448352909512490e-10
6.649659880606127350e-11
1.850922400272084823e-10
4.178290221465881505e-10
6.187522192199586765e-10
3.963543491581711276e-10
9.320226138087960900e-11
3.221859418570275158e-10
6.352620099711673749e-10
5.233786104899424036e-10
2.255478414591375075e-10
3.099288168731920408e-10
8.032944316604233319e-10
8.566792684342261353e-10
3.836492112921872354e-10
5.075985641922160514e-11
3.603238570660305193e-10
1.000046303690281360e-09
8.714847379010033409e-10
1.910864109105476663e-10
1.823041622570641518e-10
7.476263602226276484e-10
9.169335942196109733e-10
4.983843854398243202e-10
1.596966655044277485e-10
3.366994404810221451e-10
6.147838124854300367e-10
4.979873262862432386e-10
2.249245258939856109e-10
3.595889833003088360e-10
8.278036583511030718e-10
8.051049964261383316e-10
3.547765003222053672e-10
1.215622074038310541e-10
3.309502500837548875e-10
5.339832523947963918e-10
3.019901216388847538e-10
7.852044804124913594e-11
3.462786679818917227e-10
8.026346076603930597e-10
6.034874001797537399e-10
1.304684156173289357e-10
3.418473209098027902e-10
9.385093886793139944e-10
9.985855572813907146e-10
5.885929409715358279e-10
4.468203381250212047e-10
8.648435671389592409e-10
9.632464162486262527e-10
5.357835621925493564e-10
3.887157502666343473e-10
8.340318266456407006e-10
9.230853840209299825e-10
5.309194591148053196e-10
3.477114775784564756e-10
5.748089848036400719e-10
7.763795801836942233e-10
5.449616020908184651e-10
3.027490700390002291e-10
7.093032358162953897e-10
1.054852443528926660e-09
7.142847095750398176e-10
3.769664680198861923e-10
6.243182915977955167e-10
9.613362358647190930e-10
8.027048768516872614e-10
4.759794515341766123e-10
5.532570685617400066e-10
5.961478323414211694e-10
3.595834977532202838e-10
2.479807956485088050e-10
5.251579798655040217e-10
1.000716216988335425e-09
1.034898056008637708e-09
8.081021893527968967e-10
8.440679126026956295e-10
7.151486660660692412e-10
3.493952978149986422e-10
2.179412592390564981e-10
3.674475195550756508e-10
4.843378998334972870e-10
3.360472657361193072e-10
3.105045954394470516e-10
4.951937629546600131e-10
4.621079321423159489e-10
2.987952525548254156e-10
4.251826320716801564e-10
7.409148859241136946e-10
8.375686087397679462e-10
7.979867639717249714e-10
8.960791359291246721e-10
8.819265583110036401e-10
5.427792033401114880e-10
3.081001941214457754e-10
3.560240417721912241e-10
6.027340959255539856e-10
7.281294323333397042e-10
5.546361772684098404e-10
3.579458004016947715e-10
3.702419668709455658e-10
4.502297895085426338e-10
4.633037487202144860e-10
2.911023971216264812e-10
4.984590911309881363e-11
1.069218364586842214e-12
8.675665589428857765e-12
2.780955155461902184e-11
1.491556591072923177e-11
2.120293122754327656e-11
1.082441035522033551e-10
2.724223277540946886e-10
3.075134270340719836e-10
1.506925672534544088e-10
8.039006393255774600e-11
3.482470963888480837e-10
7.302796487476177165e-10
9.369207882767070335e-10
8.687568098452792404e-10
6.355651152540610416e-10
7.921271400427225466e-10
1.240775239023328435e-09
1.580999011368669125e-09
1.338169184200830753e-09
8.942481138172627983e-10
8.930780564474612286e-10
1.242047235516203979e-09
1.553692697135050715e-09
1.487250850950994320e-09
8.655389641564601664e-10
5.259335634482047471e-10
5.707950529974621484e-10
8.391377144145295396e-10
9.028290778151046826e-10
3.599752970124087947e-10
2.393334511729936040e-10
5.179293161962461005e-10
5.304491450301297228e-10
6.190478641653863934e-10
6.230898319204941108e-10
5.631139329836215104e-10
9.202927428717974183e-10
1.831504745891556643e-09
2.282908008040707281e-09
1.162782216134670151e-09
2.476094599043103608e-10
3.348602186757349358e-10
4.087877817317180469e-10
6.278291076164562738e-10
9.940046741842745171e-10
7.906323626670907079e-10
2.351879553775719994e-10
2.211571777357913276e-10
4.916785113838498823e-10
4.534380063254907495e-10
3.967538353085655075e-11
3.348087129875260440e-10
6.966138603544283497e-10
2.602069336784336141e-10
3.159472892366655214e-11
1.345778020938829056e-10
1.503845618376371753e-10
2.286606900948123138e-11
8.053907867072271954e-11
1.805978734291125915e-10
9.257569998559937142e-11
8.000570056544708679e-13
9.899508718894798975e-11
8.038051415203720281e-11
3.073034826348200033e-12
3.741013841248585742e-11
1.125998841599633034e-10
1.794182927142986110e-11
5.994295659071793102e-11
4.410726796976061919e-11
1.604576190230885977e-11
4.980275324290173362e-11
2.760111588206493252e-11
5.504711372094417858e-11
2.419323906262853720e-11
8.012331798821692808e-12
2.254313342880404758e-11
4.691827640461945296e-11
1.533820379950277639e-11
2.910361885913553625e-12
3.519234327584278450e-12
2.227816436406158710e-12
1.719146594918520300e-12
3.825130967062139811e-13
7.408339048777859398e-12
3.152445337250203831e-11
6.357078090639237582e-11
8.273324748733909485e-11
6.872170060653511683e-11
4.441914313261003163e-11
6.266382511173527070e-11
7.306350763145975934e-11
4.872256214769665901e-11
4.159752311436498535e-11
4.221557798503555046e-11
1.417166449190566854e-11
2.392700456375078103e-12
2.594687582248277188e-13
8.786336672426029210e-12
1.723417127292721119e-11
2.493337690126696520e-11
2.830393392620326384e-11
2.434809881956006503e-11
3.369792584872806805e-11
1.354078581094324943e-11
1.612851960682211252e-11
1.540188878696221630e-11
1.916097450512939733e-11
2.401960246004185930e-11
3.023492854276337029e-11
5.621084237465158710e-11
5.262235284142905283e-11
3.515838621102419491e-11
1.437891711186555028e-11
7.923389975013292862e-12
2.261165357450968115e-11
4.460495611378604530e-11
2.454161712522908273e-11
7.935265758703534167e-12
1.023086844091078142e-11
6.741660656816852927e-13
1.796522062281797188e-11
3.656695587535568520e-11
2.406028181034649463e-11
4.214230691308608758e-11
3.439277387932236412e-11
1.476511199433967761e-11
1.171998590367227407e-11
1.910394935499525731e-11
6.336707183266994373e-11
6.088741328320328224e-11
7.469279097280606721e-11
5.265534767961549905e-11
1.728084622950225407e-11
1.415022969480201808e-10
1.316706054380714690e-10
5.263866140251267884e-11
1.191644492772000371e-08
4.428952572609087287e-07
2.453593984608683688e-06
3.975197675346064420e-06
2.414617612641963807e-06
1.701883402937061428e-06
2.376085864198914645e-06
1.124132398552026365e-06
1.167746836720988458e-07
6.019035821647548898e-09
3.934865155441111707e-08
8.395794109988892871e-08
5.967454985203928437e-08
7.686158412856406964e-07
1.053288691648346434e-06
4.238640788492171884e-07
1.570248537469639597e-07
1.248633695921523289e-07
6.043612028427621932e-08
1.539418272296327714e-10
9.488122694982744990e-08
4.249939630770668942e-07
1.040664859025795700e-06
1.079724126410654988e-06
5.767324559760861610e-07
7.654670929535130066e-07
5.093307651346446131e-07
8.242894170664442364e-08
5.639345323317193408e-08
2.417126537223599152e-07
6.267197085065837135e-07
5.628990737694307171e-07
7.844503800256935950e-08
6.253959333475609835e-08
2.414229752410130534e-07
1.422235680493644828e-07
1.489686028623041846e-07
4.300733861404556780e-07
4.137848478757125796e-07
1.214873774394500358e-07
2.075226316092332347e-08
1.964602246331793616e-08
3.519045021293945466e-08
3.738255016646235599e-08
2.692411538625091535e-08
2.237546723281450658e-08
1.112309869557929181e-08
7.677924266840254608e-08
8.221414011433265527e-08
1.827109262205261696e-08
1.269019514775290429e-08
4.052079939571312151e-08
1.752777603536488212e-07
3.707164067087573724e-07
1.992330479373700233e-07
3.007992698207871041e-08
4.799259683214378005e-10
3.273316240142447351e-09
5.009974712910268630e-09
3.896855205454355592e-09
6.881297813453690788e-10
2.225203212490743145e-09
1.095295721942632523e-08
2.192184767824913900e-08
9.601088950912803213e-08
2.018568344805093888e-07
2.427692491555782719e-07
2.684749297429711984e-07
1.790429402891321203e-07
6.200482878941958245e-08
3.036558484072972028e-08
4.102904434364279247e-08
6.933526417903221554e-08
9.611574552132518121e-08
5.915788438412672394e-08
7.772252084696635233e-09
1.185443663204062597e-08
6.728458717764676156e-09
4.711734907895126411e-10
3.095076865385371226e-08
5.283015628493135578e-08
2.294780228752231754e-08
5.083100008128984659e-09
1.935315678976064388e-08
6.717187525786206552e-08
1.054019444013994790e-07
1.316337332122141096e-07
6.629657275420400977e-08
1.199002289311481743e-08
1.516534585936965913e-08
5.805619538685186981e-09
9.482635971144440649e-09
5.735607944737108160e-08
1.017179057865723815e-07
6.765257910646040651e-08
1.092174561495517080e-08
1.084592268791682328e-09
4.898417581956564735e-09
3.385973908799750476e-08
6.286288448614267638e-08
6.289157016159458344e-08
5.119169669085512823e-08
1.434344156185045333e-05
7.901849304554633101e-04
5.348778946977136677e-03
7.768301581382421397e-03
2.958045189219529227e-03
9.821324802137987742e-04
1.343362784689099360e-03
6.898000934042760289e-04
1.177172926070349675e-04
6.019594587809599056e-05
2.631100863567742502e-05
7.719017271140343820e-06
6.180654382886412224e-06
3.582783329957829737e-06
2.113379102838061770e-06
2.886183069630435495e-06
3.359913347242741047e-06
2.294524616072954257e-06
1.586130770745190116e-06
1.621772033023088595e-06
1.333842566292218190e-06
1.087771601006712726e-06
1.000741431900523557e-06
7.203288327685414650e-07
6.658729197202712575e-07
7.005213243357818207e-07
5.811081892711500582e-07
5.220135952688474286e-07
4.960684497101359121e-07
4.245395087001958986e-07
3.873147671301245625e-07
3.853292317893477137e-07
2.961294785678375515e-07
2.220022258212178188e-07
2.489977909691736654e-07
2.283529780481054955e-07
1.852493954062537273e-07
1.695509233995895855e-07
1.367507067043696732e-07
1.016158198252835830e-07
5.953853092606064183e-08
5.317700720418335275e-08
7.078769657287949152e-08
5.343341288593255657e-08
5.055721662322872076e-08
6.512477554400114020e-08
5.211098178319312599e-08
3.172729113685177174e-08
2.579918570472455083e-08
2.064421662680834032e-08
2.079566755782746337e-08
2.385134842680311835e-08
2.083947035563416446e-08
8.532132862757962340e-09
4.269520750615547061e-09
1.305100080799581314e-08
9.864328296507572596e-09
1.004940291731650061e-08
1.790571395630005137e-08
1.263725842332848570e-08
5.789538147878512591e-09
2.947906680129946046e-09
3.347420777351760762e-09
3.182822560648247183e-09
8.552775095018185232e-10
8.899515408517748093e-10
4.791303078537251708e-09
6.644729071440058850e-09
5.924172982902311104e-09
3.079395515525159510e-09
1.513909582558437775e-09
4.474718544622343208e-10
7.002705161756605302e-11
2.884373751839500060e-10
1.649174793196970391e-09
1.635140025276241731e-09
6.712150885824064355e-10
9.445085313834555889e-10
3.598398617246503466e-10
3.633339935285004261e-11
9.939406678241918395e-10
3.055484547220542946e-09
4.355435056338054391e-09
2.609399366090230737e-09
1.895509617391069831e-10
3.121496400569750131e-10
5.169924754975622218e-10
1.582762701706317219e-10
5.320101983192277953e-10
5.253513768529685044e-10
2.231625595557406665e-10
1.962019247160403968e-10
2.338753812562096438e-10
7.848551699634038833e-10
1.177966466323619971e-09
6.814161727941074481e-10
7.302047937247749196e-10
8.247491078129038921e-10
2.382214122902603588e-10
5.565181241072104178e-12
6.438366772666018471e-10
2.928824566886347949e-09
3.489299931088617492e-09
6.768362258696241263e-10
1.528187157608618562e-10
8.021958185251859495e-10
4.690539683564083071e-10
1.778537559028929851e-10
4.380756327975028324e-10
5.480545999866047693e-11
2.526996511996569489e-10
2.238562211553331446e-10
2.954589449807389298e-11
1.468150363640574845e-10
5.106798498507385591e-10
6.360428330782884400e-10
4.485408791757215768e-10
1.327477543646422970e-10
2.819023095874568844e-10
5.904179228963126887e-10
5.644380954610387920e-10
3.516806506897667531e-10
2.861146646958101259e-10
2.883583040832828478e-10
2.242420522694412257e-10
2.443091125656907897e-10
2.730480425670219158e-10
2.808570289949778867e-10
2.266143775255693581e-10
9.587164490767359018e-11
3.553622645974871641e-11
1.137263106275590867e-10
2.137813782237225946e-10
1.356916086795369347e-10
1.087747072645633398e-11
9.751675060408969203e-11
1.604968687705598053e-10
9.287340363148139402e-11
4.366930155189768987e-11
8.652643204624187055e-11
2.394638076533955493e-10
3.209954296440864015e-10
2.316971454296274369e-10
1.096301528792125584e-10
4.189182835263934016e-11
1.219201210183552051e-10
1.839256737067933487e-10
1.360707839031885019e-10
4.795944948640759096e-11
8.526537114984895399e-11
2.024166426926894695e-10
3.483609270214621816e-10
2.555509112205704777e-10
8.428944887819129494e-11
1.332082617650680039e-10
1.855461876637855042e-10
1.947241474521472080e-10
1.368579915020572889e-10
7.907681047697307906e-11
1.618040932694035526e-10
2.489729085399612920e-10
2.758322353250400497e-10
1.883410416253836910e-10
3.265708176831048037e-11
1.119354886978895910e-10
2.588342987459135415e-10
2.880891244559862293e-10
1.954287494399943370e-10
7.573221774792052823e-11
3.351381491755182036e-11
7.338291966394881765e-11
9.860472282145033124e-11
1.041883485799696801e-10
1.161488383709451606e-10
1.444735327599195743e-10
1.767180249271110177e-10
1.354820418818100912e-10
4.232774815154053806e-11
3.073192764378206208e-12
8.847438225844114609e-11
1.844154688862419699e-10
1.854870511953296878e-10
1.492591465544533435e-10
7.490838913722370306e-11
5.361477721949646072e-11
1.000600213955972351e-10
7.471982102721152307e-11
3.816967337759288042e-11
8.961200684034715259e-12
1.589160490462316602e-10
4.399539654216925384e-10
4.114507812286846431e-10
1.165223082869174342e-10
6.063274160969926552e-12
1.421403632049247646e-10
3.192815191040631075e-10
2.751812406450004594e-10
6.151109988899665713e-11
2.130296379220003105e-11
1.224001963408801695e-10
1.414065670309184038e-10
1.239931139730415417e-10
9.946609962677231183e-11
5.338320237504816906e-11
4.392203148419695518e-11
8.014439644373832399e-11
9.378976658941216023e-11
9.277366205045162032e-11
5.237816896284599431e-11
9.807597593430916651e-12
1.055497362348954764e-10
2.004706289821133064e-10
1.427701108956326135e-10
3.926542094505875771e-11
4.699331089623213650e-12
1.132705295223256295e-10
3.457133824389889274e-10
3.512349123557668952e-10
1.153018970094377769e-10
1.839017765428820664e-12
5.796062221873395089e-11
1.820243528320893417e-11
2.155288001751246142e-11
4.313920187588129437e-11
3.211455462112292143e-11
3.408226582534909480e-11
1.357942425894808898e-10
2.888891827655614244e-10
3.743584060487883639e-10
2.893946801017832130e-10
1.148644249527357333e-10
8.047902298769863626e-11
7.675328396091889772e-11
1.827356465741771609e-11
1.234801502244174694e-11
5.652165329635103841e-11
5.233932945924713222e-11
5.839066552340427840e-11
5.733690821603642579e-11
8.117103346507231935e-11
5.368210039020178701e-11
2.115313264116707125e-11
2.724715657917140118e-11
5.786991118876137169e-11
6.119489893344382160e-11
2.193888163439904695e-11
2.713297747749546570e-12
8.542530923448726887e-11
1.418357151824054611e-10
1.235291829521313025e-10
6.899345297609061130e-11
2.095156726003031474e-12
7.923995133023115743e-12
1.728117845763099075e-11
1.484804243117829326e-10
1.988737481836487002e-10
1.152917219893685276e-10
4.168289307208260716e-11
3.688362524336616993e-11
6.814011164826545545e-11
1.257005210079837920e-10
1.861905342254226565e-10
1.244179008652155642e-10
5.919334878662771958e-11
4.753007684551768957e-11
1.085418383222108582e-10
2.491090323882841533e-10
2.545670698458034603e-10
1.558391986306057839e-10
8.848129687376913025e-11
1.119624633250578378e-10
1.212322083541291640e-10
1.132880152453155860e-10
7.299665231210148725e-11
3.203930398571549443e-11
1.592475977748772344e-11
1.293504509627164202e-11
7.975725172698505277e-11
1.229862043875447534e-10
4.804276737639173317e-11
1.084280037596181559e-11
8.614732190729240448e-12
2.121819442973843246e-11
6.996459389128079487e-11
1.253987656655322074e-10
1.116622220545007288e-10
6.887972583842853871e-11
9.504676501236817018e-11
1.311104196334258483e-10
1.306899382110762196e-10
1.195428601901206442e-10
8.408835137495266293e-12
3.599764234326613208e-11
3.000401313286616662e-11
7.084002496511856194e-11
1.588309565698861526e-10
1.354925291036142671e-10
9.695089217161602424e-11
3.185845439298144999e-11
1.415311370056983230e-11
3.433225709435936261e-12
3.766990946069514994e-11
1.052203105690777313e-10
8.335932978663257175e-11
9.572756015334432088e-11
1.627267937959475845e-10
1.212986178554028586e-10
3.832255097579906927e-11
3.380320067019818663e-11
3.349166470120240413e-11
2.437740232630405956e-11
2.633917658915215565e-11
3.149836379221301225e-11
1.001774605332596281e-10
1.947416955773494175e-10
1.355595063451267714e-10
7.491581603082732816e-11
6.144674165762075329e-11
6.086268624801180202e-11
7.620624655520593305e-11
8.144689012880086360e-11
5.086360650746395803e-11
3.718971372810767717e-11
6.414809787437609989e-11
9.163081379852062218e-11
7.179940213530300952e-11
8.278441558848037285e-11
6.827606114005866394e-11
2.698342515925103519e-12
9.966790562314745981e-12
3.153919486848685399e-11
1.602768853297045176e-11
8.539927670191104542e-12
2.715084283424970715e-11
5.938727130786167923e-11
5.090972830247148969e-11
5.031041833427657879e-11
7.657271711536478459e-11
3.218042045622487113e-11
1.018822676380536153e-11
1.684434831191020169e-11
6.253703452674824414e-11
8.691299161995708466e-11
4.805795682436565498e-11
1.078883312976812590e-11
2.804596428971793439e-11
3.036237517747638908e-11
1.453558769403707120e-11
1.527522261930117341e-11
4.872285296983371811e-11
1.034577693794452425e-10
1.346197085814925989e-10
1.116432279383492636e-10
2.001681023525782673e-11
5.964640927861460932e-12
2.145299639704341931e-11
3.564844375381190924e-11
2.038629415970470745e-11
2.168462856932457836e-11
6.857161154003553855e-12
2.797685036614978066e-12
1.634671720027029302e-11
1.797668442476032465e-11
9.322064244719651356e-12
2.753162856301885173e-12
4.851237250922813540e-11
4.080764971690619153e-11
1.913251014021406815e-12
4.685160971106613892e-11
8.443297286944935706e-11
1.467041295378875254e-10
2.448910049980988794e-10
2.413965491938616733e-10
1.113751456590971789e-10
1.157312272017971062e-11
7.551524333764393180e-12
5.002034846419082435e-11
6.562628853386924319e-11
2.662260874052714325e-11
5.152184200886727646e-11
8.462320285597820874e-11
7.249295702615978802e-11
4.882903483784032016e-11
2.611009169150744211e-11
2.897511084233673446e-12
1.382584609305929578e-11
1.946550149260351844e-11
3.731140394509874261e-12
1.215702309889131343e-11
2.983299910587369128e-11
2.566941895753309758e-11
4.860300200987749288e-12
6.308148607945765228e-13
1.131885003713097930e-12
2.527097440532193206e-11
7.871345119372390350e-11
7.441106063264802041e-11
2.802225945644542473e-11
3.191508305762789923e-11
5.625347686922266459e-11
2.378530038166396558e-11
4.063140726789465109e-12
7.150903184082916865e-12
2.343333383909472593e-11
9.726585156545267258e-11
1.827743453066705173e-10
1.638051315464486067e-10
1.058818960512192783e-10
4.981942521378272889e-11
9.841207795238389098e-12
7.585731730862348975e-12
2.641998581489331180e-11
2.594784780199143721e-11
4.176512461429511390e-11
7.139067990294757414e-11
7.973672812415810279e-11
8.779283837119984424e-11
8.409144999819485997e-11
3.553642621744198785e-11
8.878542687465656038e-12
4.039233569603055721e-11
6.416804218738709564e-11
5.018748032483720891e-11
6.598601515171817531e-11
1.158599449853058619e-10
1.035678270076159715e-10
4.007600354904516267e-11
9.602776586375462550e-12
3.834602425808321485e-12
1.256877748136432869e-11
1.026100051861614022e-11
1.840904059004992804e-11
7.846748348633444595e-11
1.005479406902917121e-10
1.191004174909965071e-10
1.470401773297548879e-10
8.535999211437658814e-11
1.644281882421759512e-11
5.202476983428330399e-12
9.401922381824513236e-12
1.219499284549176100e-11
3.012082183376970456e-11
6.625000872939695127e-11
7.737346565975274599e-11
6.738478543535604587e-11
3.971479887125288124e-11
1.276981717501079716e-11
5.003891268449201629e-11
1.393749777270197967e-10
1.527576738069183503e-10
1.110540831500544973e-10
1.228006061103743598e-10
1.480008005592510760e-10
1.031852856189581270e-10
2.772266656776851354e-11
3.278000971321484159e-11
4.569915986942305304e-11
5.631713334567846626e-11
6.100602089290244613e-11
2.708435022560654142e-11
6.479135934892842743e-11
9.572946003103850523e-11
7.350435288426319295e-11
2.316065743074243454e-11
9.806974560539718438e-12
5.865852838719799501e-11
1.031811491224675764e-10
1.305624423427764213e-10
1.619597312391319265e-10
1.022256280719596227e-10
3.925823445396683083e-11
6.185085350645232214e-11
2.547275121904565141e-11
1.107457456905272846e-11
5.313853631553899025e-11
1.061391671516121754e-10
8.391693662441814079e-11
2.782321910333296045e-11
3.820052833071406355e-12
1.303065050647814242e-11
9.230440171134869680e-11
8.136792571555863457e-11
8.397685362789539957e-12
7.522452836951206440e-11
2.154617333604650033e-10
2.210139023917475794e-10
1.524336447162166023e-10
1.247968894188578235e-10
5.925441629387514979e-11
2.580056157404770123e-11
7.710008342831218257e-11
8.317134510162441452e-11
7.150292248664094491e-11
8.461722074441291925e-11
8.196465180626753210e-11
3.432686349972922902e-11
1.792407176589247427e-12
8.501112694409902774e-12
6.892850335713536830e-11
1.576523596164169744e-10
1.708883233982056632e-10
1.384972161105816228e-10
1.020749528538240146e-10
5.292679607054608272e-11
1.946375751747715103e-11
5.224984250374116673e-11
1.543294367437912774e-10
1.641185951095452550e-10
8.332589526454506502e-11
3.131289685338384381e-11
2.778761555037328802e-11
3.517057096869180817e-11
6.182428499371964215e-11
1.290162734516193384e-10
