  -2.605128163259123539e-02 1.815698901877823776e-02 
  -2.898875377653181706e-02 1.641396115156835284e-02 
  -3.113853116202440832e-02 1.670601380376060541e-02 
  -3.287700250681529351e-02 1.749323900589577416e-02 
  -3.359778495602177423e-02 1.899467153092076338e-02 
  -3.335984198477522783e-02 2.018860363379296544e-02 
  -3.303927802526463592e-02 2.158686488282263519e-02 
  -3.308188925636563332e-02 2.366571926626549402e-02 
  -3.177529893402161049e-02 2.590475236060031314e-02 
  -2.930343692058038144e-02 2.801867180599684412e-02 
  -2.583146285751158552e-02 2.842774058629098446e-02 
  -2.371171705832719051e-02 2.803400892781786335e-02 
  -2.323588339108748416e-02 2.756754862438024270e-02 
  -2.318504033587484928e-02 2.807010485030992167e-02 
  -2.327989502501090491e-02 2.757266545522491993e-02 
  -2.355111089246495620e-02 2.613482689935479886e-02 
  -2.432967740771579956e-02 2.366227815819302652e-02 
  -2.651698426988666896e-02 2.076661956925548308e-02 
  -2.907717696011463335e-02 1.842862682666263421e-02 
  -3.179912647143729593e-02 1.756340877509193418e-02 
  -3.436351061500102916e-02 1.716486655424557736e-02 
  -3.614578535564321599e-02 1.776963581780549584e-02 
  -3.768587064299578487e-02 1.894015202197040643e-02 
  -3.839926781667898914e-02 1.985538651735748589e-02 
  -3.896507243105530593e-02 2.185305363578426974e-02 
  -3.852790367593261767e-02 2.400296070715509517e-02 
  -3.759193403023999847e-02 2.604297099258786122e-02 
  -3.582324185200062849e-02 2.809558814880237440e-02 
  -3.408669418813724261e-02 2.979902615354919695e-02 
  -3.186968052652632000e-02 3.118604414450655907e-02 
  -3.020692656551261096e-02 3.142321834929641400e-02 
  -2.876773792211521907e-02 3.107610497867599811e-02 
  -2.812546151130532190e-02 3.013781131195087185e-02 
  -2.823460508955895343e-02 2.825445646160684374e-02 
  -2.899635012871051853e-02 2.636006060958208733e-02 
  -3.073520968139191109e-02 2.388405009141953556e-02 
  -3.301420756860855288e-02 2.171420591857989996e-02 
  -3.559390407052158423e-02 2.005500292058645662e-02 
  -3.814127225586894793e-02 1.892094208073976519e-02 
  -4.027642546325789497e-02 1.832896714764589013e-02 
  -4.217039506190693732e-02 1.916972173691655276e-02 
  -4.332468646457775241e-02 2.009958927772607581e-02 
  -4.368760477656628838e-02 2.217207863908080695e-02 
  -4.418676636240138900e-02 2.440738328127000853e-02 
  -4.374509856995611318e-02 2.672256626018833583e-02 
  -4.245479325603580822e-02 2.861532423368914196e-02 
  -4.041933594775629079e-02 3.053703670604298107e-02 
  -3.780319031001275198e-02 3.161802347264894286e-02 
  -3.487899096078860006e-02 3.236581931310889698e-02 
  -3.297554914346519095e-02 3.273532366179043168e-02 
  -3.237394357354694135e-02 3.204471185980390519e-02 
  -3.242003559284575842e-02 3.075631955450006463e-02 
  -3.353819738565094050e-02 2.947269878514471170e-02 
  -3.540350810312344054e-02 2.703580512601029551e-02 
  -3.735998713150035649e-02 2.425640366188915736e-02 
  -3.913567862025701949e-02 2.110561066980989539e-02 
  -4.199350641378389593e-02 1.998803819228415699e-02 
  -4.470154194211641702e-02 1.957109609872242223e-02 
  -4.755773644694614305e-02 1.985190950824857262e-02 
  -4.920335779705949097e-02 2.057467514025065891e-02 
  -4.987139789514354743e-02 2.207043047048856677e-02 
  -5.066758510013320144e-02 2.421769407713869615e-02 
  -4.996548945106778217e-02 2.674562685455570549e-02 
  -4.939987645277383460e-02 2.865808615170489099e-02 
  -4.703261700815044438e-02 3.065433233045455549e-02 
  -4.452514829290600551e-02 3.366135547142436180e-02 
  -4.294347173730024558e-02 3.488994772161911617e-02 
  -4.123858010616193032e-02 3.525141631959161082e-02 
  -4.033582056399248605e-02 3.431117994127991233e-02 
  -3.864274099710826582e-02 3.317504065920201528e-02 
  -3.919025609620915146e-02 3.216366134944550342e-02 
  -3.994509067858485751e-02 2.918484631144849586e-02 
  -4.242047992614074448e-02 2.630374366905943381e-02 
  -4.365367725204166022e-02 2.406391715109196250e-02 
  -4.687172776034347066e-02 2.263757004851374433e-02 
  -5.013513625791622685e-02 2.081823466730607294e-02 
  -5.276210664082498641e-02 1.996572326215855300e-02 
  -5.522655212552053661e-02 2.073290578803852965e-02 
  -5.669366500015560195e-02 2.179597784984948355e-02 
  -5.715228725403224269e-02 2.340662599969273519e-02 
  -5.813792838763777449e-02 2.615686628729230537e-02 
  -5.736215085547689829e-02 2.861885750362846634e-02 
  -5.506934669653026915e-02 3.107470308078167168e-02 
  -5.353561746721192255e-02 3.421923476323018853e-02 
  -5.258396333059918437e-02 3.607873347668814207e-02 
  -4.945843216678494358e-02 3.646634211569270423e-02 
  -4.732512257830542857e-02 3.670897481848479221e-02 
  -4.770582516734332007e-02 3.719560513174307442e-02 
  -4.628928308135390329e-02 3.365872277567132781e-02 
  -4.635082710279506829e-02 3.141710675930355079e-02 
  -4.849181732425141000e-02 3.073926374351925589e-02 
  -5.065341214688792032e-02 2.562749063946528905e-02 
  -5.242749393826059978e-02 2.356956936786482742e-02 
  -5.600007925814953075e-02 2.277098648908562617e-02 
  -5.945753862138907636e-02 2.007689137435116761e-02 
  -6.199918204120988957e-02 2.029726851834383686e-02 
  -6.406187723256073774e-02 2.129036565029886544e-02 
  -6.531898320513875034e-02 2.267555955679563182e-02 
  -6.755126990451745805e-02 2.511605241353300280e-02 
  -6.596106474888670246e-02 2.753796680998179050e-02 
  -6.445843175508006451e-02 3.133073110153059004e-02 
  -6.516591913861313756e-02 3.369206762871052724e-02 
  -6.026832269469381553e-02 3.590222835685521335e-02 
  -6.115297769358541552e-02 3.908333387178656443e-02 
  -5.760466231803266363e-02 3.817686183284101781e-02 
  -5.505510287484587095e-02 3.796412750453136142e-02 
  -5.666203413245263915e-02 3.858334481683035888e-02 
  -5.449175590138265884e-02 3.334347497678000205e-02 
  -5.628440046706347649e-02 3.435700176682170842e-02 
  -5.760099062061704162e-02 2.771953793920715198e-02 
  -5.977598081002801628e-02 2.527603279177773749e-02 
  -6.365977571258768508e-02 2.425116099706191991e-02 
  -6.678300734633581259e-02 2.055522193060305494e-02 
  -6.989580952211707499e-02 2.141803403877969372e-02 
  -7.247897783644151326e-02 2.005319150016783916e-02 
  -7.574792148047221341e-02 2.178534772527339000e-02 
  -7.649194650562074482e-02 2.346139797178352707e-02 
  -7.652570031764834024e-02 2.737260581938505410e-02 
  -7.702267367205548054e-02 2.941576941428413264e-02 
  -7.350191294967273192e-02 3.407069014861897893e-02 
  -7.537449279963434612e-02 3.584097109139424558e-02 
  -6.917791479553192513e-02 3.852304241995486295e-02 
  -7.217069168762883791e-02 4.091228966347867924e-02 
  -6.576237383276346826e-02 3.955496950607340079e-02 
  -6.812425979782070484e-02 4.192440599356939135e-02 
  -6.431609577678626399e-02 3.624519783169131981e-02 
  -6.607048567634916936e-02 3.684762234953772170e-02 
  -6.661541296854431304e-02 2.970235786941317555e-02 
  -6.902368176674003597e-02 2.805392634552174649e-02 
  -7.240729947592716709e-02 2.429037578474354392e-02 
  -7.554563482554385589e-02 2.173185358721414773e-02 
  -7.961712845929430626e-02 2.039195028599268683e-02 
  -8.293827613477716687e-02 1.970769657074965611e-02 
  -8.554096166926085376e-02 2.042254563883249413e-02 
  -8.802531169803701205e-02 2.248630762812987155e-02 
  -8.837740676344868485e-02 2.499982421000100305e-02 
  -8.943037951199094004e-02 2.843901806786022085e-02 
  -8.804792075959975983e-02 3.172812213556679140e-02 
  -8.755045002545727706e-02 3.585978169987422831e-02 
  -8.494186376519662074e-02 3.807688801265243783e-02 
  -8.368383780148810902e-02 4.155375813691745968e-02 
  -8.073284105734342131e-02 4.161376255352675774e-02 
  -7.947205153278917578e-02 4.225124661617742083e-02 
  -7.785438551641471472e-02 3.997483728505374367e-02 
  -7.814290844976309880e-02 3.809651452830130347e-02 
  -7.796695620676130645e-02 3.387513571758794806e-02 
  -8.059558714004268209e-02 3.055119655915953386e-02 
  -8.263437585405415675e-02 2.568983047261751834e-02 
  -8.732049788221245279e-02 2.324630401091973622e-02 
  -9.070381951766973150e-02 1.998558278956267392e-02 
  -9.473701916731200323e-02 1.985988164099754261e-02 
  -9.886749336745610794e-02 1.879584094580943887e-02 
  -1.010931723738965893e-01 2.061629579816006558e-02 
  -1.040915443454116240e-01 2.265454603955587357e-02 
  -1.041488833080030652e-01 2.590390402726584079e-02 
  -1.052590883108121961e-01 2.991548736835744973e-02 
  -1.033068610944260085e-01 3.393654040798333577e-02 
  -1.030106263596558269e-01 3.824858031400315411e-02 
  -1.004846722953556121e-01 4.161200594016199739e-02 
  -9.937515463446039421e-02 4.370232690707422096e-02 
  -9.704066445670635199e-02 4.508123483375441054e-02 
  -9.657518572309872762e-02 4.345288550982563669e-02 
  -9.475589884060690860e-02 4.240319369683966805e-02 
  -9.553048502756396332e-02 3.793293002890065629e-02 
  -9.572402955427179727e-02 3.384732795819784396e-02 
  -9.810039894772309976e-02 2.807971170773224112e-02 
  -1.011061280279816482e-01 2.412024107596470734e-02 
  -1.054301831476971291e-01 2.073860041756870470e-02 
  -1.103905982287346210e-01 1.934755096644680608e-02 
  -1.143680084943929504e-01 1.764470021264968186e-02 
  -1.174685483686482984e-01 1.795921597885610094e-02 
  -1.216923387191232026e-01 1.968908136172245818e-02 
  -1.242189676418314903e-01 2.279205456717952119e-02 
  -1.252478280749046713e-01 2.675761156230083496e-02 
  -1.266500637307359789e-01 3.112856089793425776e-02 
  -1.230838524947593937e-01 3.547276984897881208e-02 
  -1.230490551925908227e-01 3.974247938224301918e-02 
  -1.194583093923573952e-01 4.401055020939140944e-02 
  -1.178946449025571747e-01 4.534255292153456518e-02 
  -1.186975661623146244e-01 4.710110614471711005e-02 
  -1.152676582415282924e-01 4.291652125657543365e-02 
  -1.159675076246157316e-01 4.185981980501582433e-02 
  -1.141012745420533908e-01 3.592495145858622119e-02 
  -1.167201226338531461e-01 3.093075329180694499e-02 
  -1.208167868702648973e-01 2.976128181011816407e-02 
  -1.245077249368580219e-01 2.134962592806232892e-02 
  -1.293083917396553872e-01 1.926500799502479586e-02 
  -1.336436211729345180e-01 1.556464839435865027e-02 
  -1.388325864355857975e-01 1.489983497262480257e-02 
  -1.436735962025174618e-01 1.666400228922742741e-02 
  -1.454381301924720649e-01 1.966249306314756320e-02 
  -1.487274568487382542e-01 2.290930305709849499e-02 
  -1.528081439213048731e-01 2.747813303568083509e-02 
  -1.483986771597335108e-01 3.344048633720518582e-02 
  -1.506203461492593154e-01 3.714328491646956554e-02 
  -1.473311320412238612e-01 4.355600086084562145e-02 
  -1.450786200238752266e-01 4.510747606993954079e-02 
  -1.479321133915858788e-01 4.741120529438595799e-02 
  -1.404934964140522047e-01 4.500819354401917188e-02 
  -1.402087003867382997e-01 4.284231561912935082e-02 
  -1.440718121320319067e-01 4.290112691813040974e-02 
  -1.422766617117451615e-01 3.164002177390148884e-02 
  -1.463999498500812568e-01 2.817681308206448215e-02 
  -1.496687330637438695e-01 2.355013642040080721e-02 
  -1.551216991422807168e-01 1.599213656845762874e-02 
  -1.618623624724316312e-01 1.520904239520669277e-02 
  -1.670170977048855143e-01 1.133855562585861163e-02 
  -1.727144964713406283e-01 1.138978000356626052e-02 
  -1.781658428231852886e-01 1.414516089817612586e-02 
  -1.807510239003358721e-01 1.827442633596383995e-02 
  -1.828731308826384017e-01 2.293473424443100844e-02 
  -1.887116293706769254e-01 2.623171662885502922e-02 
  -1.838070602618499805e-01 3.650375697866639624e-02 
  -1.835940726573796755e-01 4.042112457140922821e-02 
  -1.890682135151914023e-01 4.340214983323106152e-02 
  -1.791084516048433717e-01 4.741869329615694406e-02 
  -1.783842260721539563e-01 4.674396414350659446e-02 
  -1.840955490121794769e-01 4.834961530768026872e-02 
  -1.764290610450708896e-01 4.070739966712726143e-02 
  -1.780948106661323915e-01 3.456031233228182981e-02 
  -1.857965273874740697e-01 3.485469154871926462e-02 
  -1.848245932047317130e-01 2.103943339699139783e-02 
  -1.915014809478362556e-01 1.361493982049718707e-02 
  -1.997979566056503342e-01 1.465232415841052384e-02 
  -2.053439477375948730e-01 6.570238183750950166e-03 
  -2.133014685679651135e-01 4.557625655443031491e-03 
  -2.212664095388266194e-01 7.308203428250656386e-03 
  -2.255379017945423059e-01 1.154776431839250363e-02 
