-3.204089481464909994e+01
-3.164271722905743900e+01
-3.114242167269788197e+01
-3.069780797442949094e+01
-3.039945871117266663e+01
-3.032729533295023927e+01
-3.023892561578403360e+01
-2.998901088905788725e+01
-2.993734999605253222e+01
-3.005592900095617992e+01
-3.055879553715445951e+01
-3.098277925641997399e+01
-3.116755638662919381e+01
-3.110348178785112694e+01
-3.120502468688727404e+01
-3.145393955306602862e+01
-3.179703663939775993e+01
-3.189051934608700734e+01
-3.172400955365146302e+01
-3.127312602471034708e+01
-3.080316915385518328e+01
-3.040477020137181796e+01
-3.001638598635086908e+01
-2.981921012298732876e+01
-2.954596903932782936e+01
-2.942359387779494995e+01
-2.937807174801883292e+01
-2.943991037080080986e+01
-2.951240890379453674e+01
-2.967331568274312659e+01
-2.990207803593450819e+01
-3.018597762814101060e+01
-3.045224881563984809e+01
-3.075957030783327895e+01
-3.095645568006199966e+01
-3.104404053919416739e+01
-3.093856900456454184e+01
-3.067072560219444455e+01
-3.033185552197682711e+01
-3.001594834709713311e+01
-2.963227596527669405e+01
-2.938384629721682728e+01
-2.917822997013828612e+01
-2.893274008219568572e+01
-2.881789243682232993e+01
-2.885350067861608281e+01
-2.897428457678726232e+01
-2.924900583725298375e+01
-2.959296824149807037e+01
-2.983540376256058835e+01
-3.004237892742960980e+01
-3.024276644747115483e+01
-3.027941227920933898e+01
-3.032970167799238581e+01
-3.036173115824101387e+01
-3.041157785904642807e+01
-3.004099949120498181e+01
-2.964088444636623620e+01
-2.918048440867502791e+01
-2.890062497362274740e+01
-2.872614178245079231e+01
-2.848783799262882610e+01
-2.843096469502278367e+01
-2.838904401664451171e+01
-2.857231671586086819e+01
-2.865356740660270418e+01
-2.876408309729795576e+01
-2.897428558603393611e+01
-2.922534023033209749e+01
-2.961040196920885847e+01
-2.968349968711623887e+01
-2.993778207967416449e+01
-2.989179827998084349e+01
-2.993911905126737238e+01
-2.958420387276338204e+01
-2.924189569801199440e+01
-2.892995515927282923e+01
-2.855780802919335315e+01
-2.832427798352078696e+01
-2.820333723805124748e+01
-2.794355598770692950e+01
-2.792315844164560446e+01
-2.807931636547978727e+01
-2.806740573190194965e+01
-2.806807699605737483e+01
-2.844267570779511090e+01
-2.871275423144514249e+01
-2.865775210740107681e+01
-2.919880449701384606e+01
-2.943434398568707877e+01
-2.924337810596316700e+01
-2.938722377187552226e+01
-2.931346804956654140e+01
-2.889430366628148050e+01
-2.859707168563072344e+01
-2.828088469281485473e+01
-2.800416621257479477e+01
-2.782006848339971228e+01
-2.747333859523827115e+01
-2.758277137402780355e+01
-2.759161006963928742e+01
-2.741336623074712620e+01
-2.786359992071767877e+01
-2.758908575130485730e+01
-2.808155680182771619e+01
-2.842468922168419709e+01
-2.823727811620628358e+01
-2.892674805100509872e+01
-2.867651863447827765e+01
-2.900666212854318360e+01
-2.891232034648000493e+01
-2.851165913748576486e+01
-2.832764314292982277e+01
-2.795298869897509064e+01
-2.773795375951688413e+01
-2.734322848526515770e+01
-2.724388286597580588e+01
-2.713444638286359734e+01
-2.704157532086306048e+01
-2.724350523314050321e+01
-2.700915145886896340e+01
-2.754427152375235721e+01
-2.715385704570584480e+01
-2.792732279629234071e+01
-2.758710287440197106e+01
-2.837975185877273177e+01
-2.819960338578845338e+01
-2.858814029330955009e+01
-2.843980835703334975e+01
-2.826314350077714366e+01
-2.804788841660208831e+01
-2.768531982599609975e+01
-2.739474460299974368e+01
-2.715097356709283005e+01
-2.689103847141110037e+01
-2.683339055299185105e+01
-2.667486659409868111e+01
-2.674608590677070197e+01
-2.669048927308173447e+01
-2.689407742864032613e+01
-2.690996947944215378e+01
-2.723028624409870346e+01
-2.736925784734035361e+01
-2.768675560136130542e+01
-2.780310558134472387e+01
-2.806863612891453030e+01
-2.799493888066816183e+01
-2.801733563689946749e+01
-2.766950942785235767e+01
-2.747214943236066276e+01
-2.713819544234322123e+01
-2.682788445300736768e+01
-2.664385742000409607e+01
-2.639151395274485878e+01
-2.637188444336425164e+01
-2.623740234628040469e+01
-2.635196169388235177e+01
-2.630718798008260606e+01
-2.646490637118551703e+01
-2.654315100898583069e+01
-2.674430255770771225e+01
-2.690513135918929066e+01
-2.715894913249861986e+01
-2.731657228668077408e+01
-2.749862579317870015e+01
-2.751898289385222540e+01
-2.741134390710704594e+01
-2.716360568466487990e+01
-2.682640811427896566e+01
-2.658642442785630777e+01
-2.639478501087322115e+01
-2.610096266654843333e+01
-2.592580058661825149e+01
-2.584953666486868684e+01
-2.573360189262226783e+01
-2.597566640724753029e+01
-2.595031697828748918e+01
-2.617450808355414793e+01
-2.632400338195962419e+01
-2.628929897720101749e+01
-2.673153286232601289e+01
-2.678202708929041975e+01
-2.715352809566507730e+01
-2.713992558674324229e+01
-2.692287105514411749e+01
-2.686180071480944420e+01
-2.660514043104761583e+01
-2.640676183111418140e+01
-2.611914004086007068e+01
-2.584336661001003677e+01
-2.577142613823925288e+01
-2.559497195690313021e+01
-2.535391739256823840e+01
-2.563714423860876224e+01
-2.551952855981570423e+01
-2.570145063799248319e+01
-2.590166946593683406e+01
-2.576315111784775880e+01
-2.637650243833313368e+01
-2.652892541774209079e+01
-2.636591144074619564e+01
-2.677281465231571289e+01
-2.663971543047530588e+01
-2.657518999870212539e+01
-2.638893324123911555e+01
-2.606096026351454498e+01
-2.586525375311149588e+01
-2.561766049583834359e+01
-2.537721280930466250e+01
-2.529812331394341030e+01
-2.524060994279922809e+01
-2.498816575448298494e+01
-2.525816212641596792e+01
-2.532904752306667717e+01
-2.510157127950292022e+01
-2.570071037237240574e+01
-2.586156122356231180e+01
-2.563783567474450820e+01
-2.628047238414939102e+01
-2.637648991154674150e+01
-2.605784275015954776e+01
-2.635877110020015124e+01
-2.615538490790353521e+01
-2.582014500910224086e+01
-2.568816774800036029e+01
-2.540842750411469808e+01
-2.512370757503891028e+01
-2.502389548698501898e+01
