1.291900903120384525e+00
1.199287039368748031e+00
1.178594143035060826e+00
1.177657493058507532e+00
1.206556995236528484e+00
1.239912110426678815e+00
1.278267327416220400e+00
1.324444438290220738e+00
1.392174827453479535e+00
1.476477474525485167e+00
1.551749579949379010e+00
-1.550316017413378100e+00
-1.545460391101959319e+00
-1.532140280989658709e+00
-1.540117546792840963e+00
-1.570076529781061714e+00
1.507215217609042757e+00
1.400731073433131080e+00
1.301925231858650278e+00
1.242931784851796229e+00
1.203123665857461333e+00
1.199218922447428781e+00
1.210849014619233666e+00
1.225502510079212515e+00
1.263167073288183673e+00
1.313568869823451779e+00
1.366859486409981450e+00
1.431120583430779858e+00
1.489284718948540087e+00
1.550421649443207039e+00
-1.556496800350504639e+00
-1.533989542314298626e+00
-1.535049912446900811e+00
-1.567136584940720168e+00
1.528252476199382537e+00
1.451975715007173706e+00
1.373932144732983529e+00
1.306135128964906800e+00
1.254703571898877712e+00
1.222932539720665623e+00
1.225066534078371516e+00
1.235778412918169922e+00
1.275072978867518358e+00
1.314157492992448439e+00
1.362490686154446795e+00
1.412036953264267147e+00
1.471239012504899968e+00
1.525858874334027337e+00
-1.559157688368173478e+00
-1.521129038278721923e+00
-1.519533758568925252e+00
-1.538382769706932995e+00
1.566921443768713340e+00
1.498885265624799512e+00
1.423055251377179031e+00
1.342139869537836372e+00
1.292774078488625911e+00
1.262659478413094005e+00
1.247211519039456373e+00
1.250516593767508233e+00
1.274761627251673746e+00
1.308000646865230099e+00
1.358640686807187636e+00
1.397451655698787931e+00
1.454995443933908561e+00
1.531030396702073970e+00
1.570729613613337960e+00
-1.541613446752708283e+00
-1.541008980699555497e+00
-1.533168346099620827e+00
-1.553110618191866577e+00
1.533084957328036291e+00
1.457182554943572184e+00
1.406999930345408600e+00
1.353701242079412115e+00
1.297630096214735129e+00
1.267037323361957624e+00
1.266784132305729615e+00
1.277764491635783761e+00
1.303419901173736184e+00
1.341973721133782771e+00
1.387189106266692784e+00
1.444152189716024992e+00
1.505244279448589406e+00
1.542797254980775801e+00
-1.559792475415493263e+00
-1.530976966425956487e+00
-1.525141597839935192e+00
-1.557255561244036857e+00
1.552878965643543996e+00
1.523814260514985142e+00
1.425716521233533429e+00
1.380645230052599537e+00
1.345169219163764751e+00
1.284124827861982787e+00
1.276900912156230916e+00
1.284215356396043006e+00
1.301031641458711974e+00
1.326701381860717177e+00
1.371975618263058472e+00
1.435654599102024642e+00
1.465000942053576116e+00
1.532341497235856442e+00
1.568942535367598312e+00
-1.551806179446765022e+00
-1.529123111678056368e+00
-1.532076397582864846e+00
1.561073616354535565e+00
1.563116731093556533e+00
1.461091815902279656e+00
1.412893477366190531e+00
1.377365154458898067e+00
1.310815831927897079e+00
1.311922572640909834e+00
1.285385730505760105e+00
1.298477267251326062e+00
1.320204817208943782e+00
1.372404143533103804e+00
1.398327405331604600e+00
1.476200322001174570e+00
1.489803783576481244e+00
1.562351963332635041e+00
-1.567807159459134070e+00
-1.536932979226727891e+00
-1.522644730907911859e+00
-1.560830049075049075e+00
-1.562335714804385045e+00
1.487043742636200205e+00
1.454441791235408399e+00
1.390642266134244798e+00
1.346740591321106129e+00
1.317613564637044377e+00
1.301297499124945078e+00
1.304998775386084331e+00
1.324588770218213529e+00
1.355388302475245110e+00
1.393334954179191731e+00
1.438044635785544312e+00
1.488014511456160704e+00
1.527057784379253880e+00
-1.568170450138488770e+00
-1.548504794403272600e+00
-1.531394974422409128e+00
-1.543714239867491456e+00
-1.562945798940109432e+00
1.534528824774372024e+00
1.486209969954023657e+00
1.423389819264385903e+00
1.381254175520576277e+00
1.336853952250848687e+00
1.328037280945381315e+00
1.309802697136554173e+00
1.327079086116573547e+00
1.344065562342968478e+00
1.379805756426526697e+00
1.419492909212629828e+00
1.467868446091782353e+00
1.513494012031522340e+00
1.558114069720265782e+00
-1.556004767091638596e+00
-1.529837909362970372e+00
-1.539928037341733669e+00
-1.538889257486209416e+00
1.558732082390038798e+00
1.520018573545706353e+00
1.455872772659684067e+00
1.409670333658656904e+00
1.368107850315414931e+00
1.347408773108502933e+00
1.327091710610328601e+00
1.328135271364554892e+00
1.340173929588543755e+00
1.366637329484627017e+00
1.402537661061709295e+00
1.440267382723779965e+00
1.488970235270247189e+00
1.528491546357357178e+00
-1.563478693767105909e+00
-1.543963577750557814e+00
-1.528435536156010688e+00
-1.549358938695484467e+00
-1.557257693401662202e+00
1.541037001217984148e+00
1.492508447485368039e+00
1.475765503072568707e+00
1.397626919561287151e+00
1.375255635069447147e+00
1.341359031917262135e+00
1.333168033008128139e+00
1.345211277815661077e+00
1.370063973410411196e+00
1.394215970668424065e+00
1.426180722431024783e+00
1.481299094107784819e+00
1.508169512515446398e+00
1.565351096022764787e+00
-1.556308861403704391e+00
-1.542463684070502383e+00
-1.539325461448991961e+00
-1.551518080837984259e+00
-1.556239790525126843e+00
1.506692298405411412e+00
1.476496867766005971e+00
1.439907475797786995e+00
1.380140282827380771e+00
1.371562380211657883e+00
1.343256411226677383e+00
1.343041023840523041e+00
1.361259840828622725e+00
1.390196373027163812e+00
1.422424602051941767e+00
1.441363542166889999e+00
1.516264424355836526e+00
1.545193247289535332e+00
1.559752709045807872e+00
-1.537580105722762269e+00
-1.537007969384647232e+00
-1.532368740101930138e+00
-1.565630229804233275e+00
1.537005588482418972e+00
1.532759288205383319e+00
1.448539028497640713e+00
1.399324641432823313e+00
1.404082801668660174e+00
1.355418823371906667e+00
1.343759337716438518e+00
1.360099045193138512e+00
1.385941947171324129e+00
