-6.757709493106737852e+00
-6.755393093943419913e+00
-6.755406704559510978e+00
-6.756433293430293752e+00
-6.756862748964272747e+00
-6.750694173290369804e+00
-6.753881221362007636e+00
-6.752230536605808631e+00
-6.749690016335248011e+00
-6.744747681880830292e+00
-6.747691557849049282e+00
-6.743811850147388931e+00
-6.748720149038702765e+00
-6.749029576231597716e+00
-6.745789774169724140e+00
-6.746175364339540792e+00
-6.756073320624118139e+00
-6.753579149201312859e+00
-6.751501295625575771e+00
-6.754006816926040102e+00
-6.758236800930593091e+00
-6.757714125275064099e+00
-6.761584627668861813e+00
-6.768734821487081277e+00
-6.775874623993550117e+00
-6.777379849313861726e+00
-6.791553094865979467e+00
-6.796596855191266329e+00
-6.807564606467964907e+00
-6.815607390132890409e+00
-6.824235167953367487e+00
-6.837063546620521848e+00
-6.856918693537093823e+00
-6.868389608571381366e+00
-6.886921676166899431e+00
-6.906058709979106425e+00
-6.921500006415691963e+00
-6.940302698738581633e+00
-6.962211897890750123e+00
-6.989226500382127227e+00
-7.003647366489743398e+00
-7.030104496202214115e+00
-7.054845048880881819e+00
-7.077698315897461789e+00
-7.103375532925266356e+00
-7.129011799727224208e+00
-7.158655069805073268e+00
-7.184813259766836602e+00
-7.213979530610476587e+00
-7.243245856076237388e+00
-7.271871635122231226e+00
-7.306026415001255714e+00
-7.333558398429050662e+00
-7.364279494775736623e+00
-7.392996899186259796e+00
-7.426686228652802590e+00
-7.456516422972462976e+00
-7.488230863256460701e+00
-7.518632576064576689e+00
-7.555163728137253898e+00
-7.580261890017751192e+00
-7.614324674370535284e+00
-7.646001748685878674e+00
-7.678873606575036703e+00
-7.712457146344673831e+00
-7.741097364715262330e+00
-7.775722223355550078e+00
-7.808615304377277688e+00
-7.834237516400967216e+00
-7.867718434257681359e+00
-7.899507571646829263e+00
-7.930425784468954298e+00
-7.956259245003565184e+00
-7.985586157202549273e+00
-8.016592705294868892e+00
-8.044731389784381292e+00
-8.074614641207389809e+00
-8.103149728587856870e+00
-8.129571369664382985e+00
-8.152402518449120450e+00
-8.177376108429953661e+00
-8.200840777074128951e+00
-8.222041318181291913e+00
-8.240055248347072592e+00
-8.273766956703729747e+00
-8.286862005387899188e+00
-8.307834847755643182e+00
-8.335569669880083410e+00
-8.351397254481998544e+00
-8.377004304584843908e+00
-8.388261616151508449e+00
-8.406307951788615895e+00
-8.418592723970061087e+00
-8.448783739470854925e+00
-8.458638415737443239e+00
-8.483486805027228073e+00
-8.490643759460681395e+00
-8.516688100976528730e+00
-8.534585299255637025e+00
-8.554862980603076039e+00
-8.567750744876663660e+00
-8.583433988809467508e+00
-8.601673811630863753e+00
-8.612696441349127596e+00
-8.628666269313921333e+00
-8.651544282924527707e+00
-8.664823775307056053e+00
-8.683813445227988481e+00
-8.694163382174767918e+00
-8.708434568059727710e+00
-8.732307529836276672e+00
-8.749668199708471761e+00
-8.758213082762175361e+00
-8.776926181945201577e+00
-8.790716904585060831e+00
-8.814068355872796801e+00
-8.830396529261843597e+00
-8.842285180249071175e+00
-8.864144064842538029e+00
-8.885265338138378155e+00
-8.897465837001378830e+00
-8.913557055744776747e+00
-8.935000972087799198e+00
-8.962198819695956331e+00
-8.975542965058611600e+00
-8.986765428110896181e+00
-8.997187939476898322e+00
-9.018810163628019794e+00
-9.041594932260347051e+00
-9.055410739469143877e+00
-9.069618487058889400e+00
-9.076013903803371363e+00
-9.092160104262758225e+00
-9.110925056228142083e+00
-9.116516559273565079e+00
-9.135129889000538128e+00
-9.134805427146705625e+00
-9.153891476115392223e+00
-9.157620349586130359e+00
-9.154444317148733745e+00
-9.165458845932738186e+00
-9.165943363241948916e+00
-9.159030860368471139e+00
-9.172786868495389712e+00
-9.160394445912894312e+00
-9.156617509022408896e+00
-9.153272710309876103e+00
-9.140652870803322116e+00
-9.127651224670644936e+00
-9.122529136568880759e+00
-9.111955772752061478e+00
-9.087888142806711755e+00
-9.071048041709280696e+00
-9.050632158203464783e+00
-9.032964549617515715e+00
-9.016344233197445490e+00
-8.978578459752192487e+00
-8.957207534076088606e+00
-8.932085271569253138e+00
-8.907813659344141044e+00
-8.875528214000315330e+00
-8.855530404642520281e+00
-8.813236121791106825e+00
-8.784656445715645745e+00
-8.761778434142653893e+00
-8.724327542468440555e+00
-8.696111317005037478e+00
-8.664329811143890225e+00
-8.638333592239765935e+00
-8.609919544221671828e+00
-8.575224266840113074e+00
-8.544807987066070254e+00
-8.521759077250736780e+00
-8.490536716559283548e+00
-8.463028520257187992e+00
-8.441194473712732460e+00
-8.419362521074022609e+00
-8.397170516151859943e+00
-8.367572437983570310e+00
-8.342987874527693748e+00
-8.329745692510954314e+00
-8.305000824196536513e+00
-8.295413650996804833e+00
-8.275270970501866330e+00
-8.258650374712672715e+00
-8.242280685413346575e+00
-8.228449313382380836e+00
-8.218535872910207374e+00
-8.204868684256696909e+00
-8.200880809155609796e+00
-8.192461514814564083e+00
-8.185801373676284243e+00
-8.175081996093716441e+00
-8.172741394018652628e+00
-8.161721545522590660e+00
-8.157503499510664113e+00
-8.161579734236674710e+00
-8.149735486574430254e+00
-8.147860349632757959e+00
-8.144401570995309925e+00
-8.146262082492182088e+00
-8.145196281397499405e+00
-8.142682013319021195e+00
-8.133698903342402531e+00
-8.130037383828659259e+00
-8.129493041286927735e+00
-8.123955309846422779e+00
-8.127488310284039841e+00
-8.116425288292241191e+00
-8.104963138860012961e+00
-8.094889025045819864e+00
-8.082200721159081169e+00
-8.077038231478155694e+00
-8.057603900374783024e+00
-8.045820322473820951e+00
-8.028180101309960293e+00
-8.010722042416185573e+00
-7.992852389163891402e+00
-7.969990269626601176e+00
-7.949063767290864391e+00
-7.924621111297436293e+00
-7.896058353605395652e+00
-7.870621166204441188e+00
-7.849135340258197147e+00
-7.817398736765742484e+00
-7.785813593051301496e+00
-7.753401924813148938e+00
-7.723519919601839590e+00
-7.687463092011403099e+00
-7.657461260415738380e+00
-7.615545867874415897e+00
-7.584554798963411670e+00
-7.544814416133716506e+00
-7.511068464094247332e+00
-7.478843376176942392e+00
-7.444641230870794324e+00
-7.404060713827971263e+00
-7.374179760595307442e+00
-7.335810357437969387e+00
-7.301656793105694376e+00
-7.274323313822198322e+00
-7.239210888495418494e+00
-7.206226636632497851e+00
-7.169717644627716879e+00
-7.141350985942262142e+00
-7.101278166701963102e+00
-7.075741543734769934e+00
-7.044137516815000666e+00
-7.017717316422694473e+00
-6.988764912483836689e+00
-6.961705223253381369e+00
-6.932020599445549713e+00
-6.909448432851055699e+00
-6.884979621375162395e+00
-6.863591224190622953e+00
-6.848236214869687366e+00
-6.831176495527238046e+00
-6.810165331116926346e+00
-6.792305176167532821e+00
-6.771519480620220577e+00
-6.758293829136471587e+00
-6.740687637462078996e+00
-6.726826768831427827e+00
-6.710707155268335278e+00
-6.704359043339149338e+00
-6.694495335608899644e+00
-6.682464693395848698e+00
-6.672378640061392474e+00
-6.661212303539199020e+00
-6.648592936702594436e+00
-6.643311395150188758e+00
-6.629372922410690094e+00
-6.628131128403470740e+00
-6.623329725835515269e+00
-6.608786530864972697e+00
-6.609636725611629515e+00
-6.599822679754271171e+00
-6.588416215501316842e+00
-6.588342401094519296e+00
-6.580228758522343568e+00
-6.575634916872742153e+00
-6.565401872588969567e+00
-6.558546329879196612e+00
-6.545730140813694753e+00
-6.539353883885492991e+00
-6.533877176032971690e+00
-6.522275833837650083e+00
-6.520094553436730500e+00
-6.508405115905619098e+00
-6.498433086217976218e+00
-6.488489870574362328e+00
-6.474728110391798630e+00
-6.470225206702796328e+00
-6.459234143905954184e+00
-6.446162399548208910e+00
-6.434395373138574570e+00
-6.419291711409282897e+00
-6.406150852146854646e+00
-6.392210972592389240e+00
-6.380246558366087228e+00
-6.366615424941025836e+00
-6.348866653298945728e+00
-6.332632514498267362e+00
-6.321064586896969928e+00
-6.304251973975726564e+00
-6.295433039351018500e+00
-6.276973925967789469e+00
-6.261649471289486790e+00
-6.237735996093119795e+00
-6.223320392310376370e+00
-6.212368582927187965e+00
-6.191638456090818643e+00
-6.171043900281275363e+00
-6.153729690262887075e+00
-6.136470942601672363e+00
-6.117590881594776597e+00
-6.100064650244432229e+00
-6.083459488392706227e+00
-6.066410383522510053e+00
-6.049219331569998914e+00
-6.032846175114983112e+00
-6.025598826277639652e+00
-5.999957037537697602e+00
-5.989674981549227617e+00
-5.971124693709544573e+00
-5.961187462041421803e+00
-5.940172032411583203e+00
-5.930656086211718581e+00
-5.917214160898462971e+00
-5.905412764917957524e+00
-5.897842224855503801e+00
-5.882459776113075023e+00
-5.873631831432263084e+00
-5.860021713743782890e+00
-5.850460325221281899e+00
-5.838547105343479870e+00
-5.829727526208634103e+00
-5.817953666583816741e+00
-5.809348189014201580e+00
-5.805028263333822380e+00
-5.797343661539012594e+00
-5.790915768344216730e+00
-5.790666159308585748e+00
-5.780688593190067337e+00
-5.779502484664278406e+00
-5.773197432130778850e+00
-5.776791263381351627e+00
-5.773696934039166173e+00
-5.770162152962109658e+00
-5.777312064194458863e+00
-5.776389838532473675e+00
-5.778625126409524526e+00
-5.781948951229179734e+00
-5.783406577008332938e+00
-5.790228338241885986e+00
-5.789683793979204296e+00
-5.796285158925017278e+00
-5.804243789774807816e+00
-5.805004586155137147e+00
-5.811475903957870948e+00
-5.825156814085391765e+00
-5.828669934925672536e+00
-5.834193599509015726e+00
-5.843552540832056330e+00
-5.842318473574724891e+00
-5.853416731793935845e+00
-5.859242278429196205e+00
-5.870128457624802287e+00
-5.876889763163090308e+00
-5.880458184352907125e+00
-5.887625786612607826e+00
-5.892792548676934139e+00
-5.902487918424776048e+00
-5.903770725306829448e+00
-5.915866954993081350e+00
-5.923639438463674800e+00
-5.929507134233926280e+00
-5.936025108794429350e+00
-5.939560917945874152e+00
-5.943824768581258411e+00
-5.951101815973956377e+00
-5.957086495342530874e+00
-5.962769458181618631e+00
-5.969523091974013873e+00
-5.975179824726200017e+00
-5.975163933610532219e+00
-5.988779230739631032e+00
-5.981829463407137837e+00
-5.989854719941256178e+00
-5.989222368553043019e+00
-5.991673600139409750e+00
-5.996013606531677809e+00
-5.999177510705321126e+00
-5.997313027480809744e+00
-6.007665659999288366e+00
-6.006450934327981273e+00
-6.012403903962102447e+00
-6.019156752446049197e+00
-6.018148597037265013e+00
-6.026706850374003110e+00
-6.026803638929528972e+00
-6.032054646337313031e+00
-6.033101963529442280e+00
-6.041122046686265179e+00
-6.048452663897442072e+00
-6.054075499166625463e+00
-6.062255110392950286e+00
-6.070691540851381518e+00
-6.081344263994279409e+00
-6.091385062149852203e+00
-6.104525889138678885e+00
-6.117688271423268098e+00
-6.122798240095298716e+00
-6.135828786563810588e+00
-6.153879904395108902e+00
-6.171228945268824262e+00
-6.178147982399449845e+00
-6.197797467840553409e+00
-6.215888944180391285e+00
-6.238580664781120610e+00
-6.261466738147277944e+00
-6.287889245296725882e+00
-6.303060114817521153e+00
-6.328193571622373170e+00
-6.357096743575115561e+00
-6.383125035257201318e+00
-6.409788772910732568e+00
-6.436823372300073842e+00
-6.471999952988369387e+00
-6.503417603671462821e+00
-6.526378072304935607e+00
-6.565764427892951893e+00
-6.598662328960319456e+00
-6.633503882851999656e+00
-6.666301666861805586e+00
-6.699680861480819871e+00
-6.741356795882309072e+00
-6.775996367566563094e+00
-6.816364778562441273e+00
-6.849536719705728416e+00
-6.893898704358106144e+00
-6.925120996991871891e+00
-6.966225124274140867e+00
-7.009445694333250820e+00
-7.047405790264811287e+00
-7.095011495721477601e+00
-7.128275512014001336e+00
-7.163045484893720172e+00
-7.207405538623805619e+00
-7.252982600031226745e+00
-7.285899075109833589e+00
-7.329286277035448549e+00
-7.370260209367210713e+00
-7.403229178558692780e+00
-7.452320913649684186e+00
-7.494913828802670430e+00
-7.538756963611686679e+00
-7.575894751912811920e+00
-7.621204348246942928e+00
-7.660718847597113523e+00
-7.699444341839496886e+00
-7.750820031836916257e+00
-7.786864656071327495e+00
-7.836128856796228170e+00
-7.871103900128391118e+00
-7.910903767886033222e+00
-7.952876211541983764e+00
-7.991556666433608846e+00
-8.036181143910152258e+00
-8.075814112028055547e+00
-8.119606942936540506e+00
-8.162620791828507194e+00
-8.200154547150161122e+00
-8.243686834157431420e+00
-8.301340465045768724e+00
-8.347294350480684244e+00
-8.392174804789636511e+00
-8.439218019712932062e+00
-8.495921744438723167e+00
-8.550737324662195604e+00
-8.600977174894001820e+00
-8.653839884390057691e+00
-8.706567853507889865e+00
-8.767738207915716231e+00
-8.821821336728495666e+00
-8.879573919968034801e+00
-8.934338646673056772e+00
-8.995376436872966508e+00
-9.054792729776297122e+00
-9.115427435136993495e+00
-9.176287301432855870e+00
-9.238509915636905490e+00
-9.295807090842471254e+00
-9.365834610100160162e+00
-9.431454897210908683e+00
-9.492418490939760645e+00
-9.560737277698054370e+00
-9.629198842401141434e+00
-9.697019244425712614e+00
-9.762870165974018022e+00
-9.834342131479200333e+00
-9.912095066852792513e+00
-9.974119718695206416e+00
-1.005068597853151502e+01
-1.012242793921692652e+01
-1.019791874759259898e+01
-1.027654648978364627e+01
-1.034482121893191042e+01
-1.042124388642264599e+01
-1.049502229349689486e+01
-1.057300554828890782e+01
-1.065287478013489064e+01
-1.073835912517733426e+01
-1.082137020114798354e+01
-1.089700951099687387e+01
-1.097905994713641320e+01
-1.107022139870683652e+01
-1.114594759639659216e+01
-1.123615486626638571e+01
-1.132307811983977963e+01
-1.141038924491038387e+01
-1.150705753896617622e+01
-1.160257859851568085e+01
-1.169531756886139462e+01
-1.178272819450015341e+01
-1.188604183864866926e+01
-1.197646141899905636e+01
-1.208590398820850886e+01
-1.218651456710995973e+01
-1.229657568991288485e+01
-1.240949256854023020e+01
-1.252221771907130687e+01
-1.263845802543055896e+01
-1.275788574058322311e+01
-1.288414359154840660e+01
-1.300604578779807596e+01
-1.314264590287494983e+01
-1.328171362874392614e+01
-1.340863484327852362e+01
-1.354815835466967755e+01
-1.367759538213323900e+01
-1.383423368228601902e+01
-1.397772929238572814e+01
-1.413818922423534197e+01
-1.427053279131196994e+01
-1.443547456952082264e+01
-1.458610605150025918e+01
-1.475591004772631720e+01
-1.492135671751884729e+01
-1.509058464245783604e+01
-1.525734585527288623e+01
-1.542562860604297725e+01
-1.562011766176443928e+01
-1.580676405945719054e+01
-1.598870774291694730e+01
-1.618515457141122482e+01
-1.637628748317161964e+01
-1.655514867876345519e+01
-1.676750837690015672e+01
-1.697523152946501668e+01
-1.714943738888863223e+01
-1.736423276142752314e+01
-1.755989474769675596e+01
-1.774055641913176373e+01
-1.794376742534517533e+01
-1.812549027805895818e+01
-1.831499774159692606e+01
-1.848985108219693174e+01
-1.866880342308789409e+01
-1.886211869307144084e+01
-1.903607511904079530e+01
-1.919304940795875325e+01
-1.936515481367142044e+01
-1.954119178456117112e+01
-1.967687539523084794e+01
-1.983618961115042367e+01
-1.996322295293911964e+01
-2.008639771112068573e+01
-2.020629994437963006e+01
-2.027838684658560453e+01
-2.044720402943827864e+01
-2.051955665966720233e+01
-2.059500601731325986e+01
-2.068631812882944843e+01
-2.075309819791286969e+01
-2.081322257934601794e+01
-2.087285820989581708e+01
-2.088745031746995195e+01
-2.092561538572066837e+01
-2.095815087604319160e+01
-2.095581912250895940e+01
-2.095710326715548177e+01
-2.094190388792389612e+01
-2.093618068489773520e+01
-2.093929483358926902e+01
-2.088711650505214124e+01
-2.085700445378776280e+01
-2.076704342604784159e+01
-2.073582892554171053e+01
-2.066678047606422552e+01
-2.057654917553813334e+01
-2.047512651291077646e+01
-2.038609900373616313e+01
-2.029301635686753968e+01
-2.017158219705035194e+01
-2.005884429214349041e+01
-1.995831284004414385e+01
-1.982515746403758428e+01
-1.968362009360980736e+01
-1.956651561619532131e+01
-1.942343104257595598e+01
-1.928626547227074184e+01
-1.913730428749239110e+01
-1.897942222548119062e+01
-1.883234364510166969e+01
-1.867632510168406057e+01
-1.853857589204790557e+01
-1.835817084938975441e+01
-1.821762946873394995e+01
-1.806653626270666990e+01
-1.788805015466096648e+01
-1.775573986349299815e+01
-1.760355093832929541e+01
-1.742857733900927286e+01
-1.728745082585662374e+01
-1.714601988510079167e+01
-1.700153372651641703e+01
-1.685902070869049396e+01
-1.671213932504506516e+01
-1.656578404931815029e+01
-1.643254638162418146e+01
-1.628715905389302776e+01
-1.614258677706832401e+01
-1.601443360456206477e+01
-1.588190117913649502e+01
-1.574618327316924571e+01
-1.564754729467847660e+01
-1.551115421334279176e+01
-1.539854450190290081e+01
-1.528430253777442260e+01
-1.516443402674426011e+01
-1.505193313759935947e+01
-1.493675738578898304e+01
-1.483610528909926529e+01
-1.472752506262898464e+01
-1.462647309657095107e+01
-1.451777095260690942e+01
-1.441968782124663839e+01
-1.432809817461093438e+01
-1.421749714066031167e+01
-1.412914012040916134e+01
-1.402137457605867787e+01
-1.394114627041105337e+01
-1.384293817598349108e+01
-1.375782382555651040e+01
-1.366481307160783132e+01
-1.357089841371192307e+01
-1.347980185825835164e+01
-1.339754003534496363e+01
-1.330401854842070186e+01
-1.321735475928243098e+01
-1.314010316075403040e+01
-1.304128391029313505e+01
-1.296123652544629756e+01
-1.286353669390787502e+01
-1.278889370496278666e+01
-1.269087648868699780e+01
-1.260201481835755999e+01
-1.251960154754478971e+01
-1.243510853803844896e+01
-1.235060928768542254e+01
-1.226597483974337166e+01
-1.217392204338953476e+01
-1.209055017183685621e+01
-1.200437254803337517e+01
-1.192902647014986606e+01
-1.184559433384798055e+01
-1.176402985815640001e+01
-1.167983350462662173e+01
-1.159431880690167915e+01
-1.151290599801479431e+01
-1.143511922791929969e+01
-1.135703625037933762e+01
-1.128001290650802169e+01
-1.119831795380823536e+01
-1.112837830785102611e+01
-1.105743025182580652e+01
-1.097902766603084501e+01
-1.090204608554253340e+01
-1.083692499681860610e+01
-1.076124676931343238e+01
-1.069085701820243806e+01
-1.062275156892169292e+01
-1.056161561406566740e+01
-1.049904112361726760e+01
-1.043421259882875418e+01
-1.037763658737676131e+01
-1.031474748455982393e+01
-1.025597860164339181e+01
-1.019943239889063946e+01
-1.014339588642623191e+01
-1.009209986220956878e+01
-1.003695597070160872e+01
-9.982316284709009224e+00
-9.935167525490612661e+00
-9.877273603431259374e+00
-9.828493646030381115e+00
-9.789860893244235029e+00
-9.746919885737250766e+00
-9.699086592772026449e+00
-9.656514002472258440e+00
-9.616834522987337763e+00
-9.569813567088621298e+00
-9.526696255225884258e+00
-9.491042067576469066e+00
-9.456215704552393575e+00
-9.413717190098543242e+00
-9.372972511305595944e+00
-9.333081719442951396e+00
-9.299033912315627148e+00
-9.262366312025575255e+00
-9.237040138928637845e+00
-9.198460111153117680e+00
-9.168717111881118598e+00
-9.132313576475496575e+00
-9.105270616948379470e+00
-9.067737136074615734e+00
-9.036358637919846615e+00
-9.015319438184953071e+00
-8.982800388506927192e+00
-8.962814010293032041e+00
-8.929767330013756776e+00
-8.908536681963497017e+00
-8.887556901420376576e+00
-8.863125532249100047e+00
-8.853683984602495727e+00
-8.821328374023027052e+00
-8.804606778069864248e+00
-8.781394045677361149e+00
-8.762156950324568427e+00
-8.745894285781727007e+00
-8.728540313775809523e+00
-8.712782636737470554e+00
-8.700347679375573406e+00
-8.682673717149034687e+00
-8.666739645785067836e+00
-8.652907132011330660e+00
-8.640066716880395958e+00
-8.626815762598583959e+00
-8.616715485965675825e+00
-8.600510762903320838e+00
-8.590505972589546957e+00
-8.577319668370206429e+00
-8.563647297117791268e+00
-8.547194243318447349e+00
-8.538554834784063630e+00
-8.530401540853556952e+00
-8.521056114305727291e+00
-8.509949320139376994e+00
-8.499596728222719833e+00
-8.489935306905957546e+00
-8.476112357723440738e+00
-8.466321574079501033e+00
-8.450778033083487628e+00
-8.433351020213532223e+00
-8.426328815271283190e+00
-8.414540602007821946e+00
-8.402391421027196827e+00
-8.386801062738237889e+00
-8.379887962134549895e+00
-8.362111037118683754e+00
-8.339605082753088539e+00
-8.328065625553636053e+00
-8.309557564253488238e+00
-8.293156895454327326e+00
-8.274716826891951982e+00
-8.259955268950175622e+00
-8.235449320989687294e+00
-8.216366458700965936e+00
-8.201548396230270654e+00
-8.181828974089162543e+00
-8.159210306704743232e+00
-8.133249049659522001e+00
-8.114556573552754060e+00
-8.086569652337518121e+00
-8.063277433403456484e+00
-8.047465523458248171e+00
-8.030432578882408023e+00
-8.015739637188655564e+00
-8.000816661139497299e+00
-7.977241752109383910e+00
-7.959382001878338997e+00
-7.936735135890367943e+00
-7.926586717503059987e+00
-7.914469973057029151e+00
-7.895406494742751136e+00
-7.883239188096772487e+00
-7.865974532271144071e+00
-7.853425957928807044e+00
-7.846195719403842972e+00
-7.832844211151464897e+00
-7.827200844367507848e+00
-7.823673383583029661e+00
-7.818104834098659417e+00
-7.813527088400454623e+00
-7.810447141597850695e+00
-7.803376171995167532e+00
-7.813457902881662420e+00
-7.817987062937802989e+00
-7.820054876718860015e+00
-7.828775667238513591e+00
-7.827443183904437163e+00
-7.836360736151495310e+00
-7.847069543073009967e+00
-7.856921722280772791e+00
-7.876026404986740559e+00
-7.893036659731364146e+00
-7.901565703858860701e+00
-7.917156057815859072e+00
-7.937423495978311649e+00
-7.955226541250235428e+00
-7.979973336344786894e+00
-7.991809345980986024e+00
-8.022511064780839973e+00
-8.044822459048290852e+00
-8.064414508173845419e+00
-8.077799778571051803e+00
-8.104320987236688367e+00
-8.123239443277917360e+00
-8.142922741538789921e+00
-8.175871133955613601e+00
-8.195729033810417619e+00
-8.216727939944441061e+00
-8.245826876840119724e+00
-8.263923784164310504e+00
-8.280181301779954595e+00
-8.307431713811419982e+00
-8.324869265032152299e+00
-8.340007617931942008e+00
-8.364314230936733097e+00
-8.375099930813167504e+00
-8.388767070974203932e+00
-8.413770193009600717e+00
-8.418445257494385103e+00
-8.431656377719626505e+00
-8.435997256850058079e+00
-8.454739138982706237e+00
-8.466277565289990648e+00
-8.474930593912759491e+00
-8.492499017325311428e+00
-8.493248243932384867e+00
-8.508708013383776247e+00
-8.509170411516569388e+00
-8.519619887168182970e+00
-8.537257771084558300e+00
-8.537776131448582717e+00
-8.546174672162690555e+00
-8.555563695819829562e+00
-8.571233682975375245e+00
-8.575180252425447236e+00
-8.587375636275609736e+00
-8.592812421951121493e+00
-8.614122344557667788e+00
-8.619751202559140069e+00
-8.637407559826042913e+00
-8.660115983576764265e+00
-8.671555230556601046e+00
-8.685051665544236243e+00
-8.703083205827086388e+00
-8.729809561372668725e+00
-8.746273305788911046e+00
-8.778604888140563389e+00
-8.796038059191763736e+00
-8.828879386953843778e+00
-8.865228384807315010e+00
-8.886981483031824780e+00
-8.925185091308264873e+00
-8.955983476312614044e+00
-8.987992327720437657e+00
-9.043810490111571454e+00
-9.078444508998471107e+00
-9.120728686361852411e+00
-9.156521575124310530e+00
-9.202522838501735691e+00
-9.250816443985957704e+00
-9.314177072611338204e+00
-9.357654048408376113e+00
-9.405701252098984000e+00
-9.463469658763756343e+00
-9.516233757773779445e+00
-9.570685090050458754e+00
-9.624599938385090425e+00
-9.693684744820401988e+00
-9.741007802059520770e+00
-9.808812501647855342e+00
-9.864889562771534059e+00
-9.922323575978520438e+00
-9.994720825982614798e+00
-1.003652746269431972e+01
-1.009684245452882578e+01
-1.015398470723389579e+01
-1.022139211764596212e+01
-1.027217987407207822e+01
-1.031787366537592554e+01
-1.037349691860880263e+01
-1.043511330713702279e+01
-1.048687141828652614e+01
-1.053800240495313112e+01
-1.058613853826601847e+01
-1.063520843393358106e+01
-1.068719117232956961e+01
-1.071956811741976878e+01
-1.075622489512618074e+01
-1.081150540853483477e+01
-1.084927219936076881e+01
-1.088132342071849479e+01
-1.091921376802792309e+01
-1.094657000942952862e+01
-1.099215106765865357e+01
-1.102402245591128604e+01
-1.104847582727887456e+01
-1.107928420517468027e+01
-1.109745765256707095e+01
-1.113109525796186361e+01
-1.115546753422993653e+01
-1.117345496408631078e+01
-1.119835023553229547e+01
-1.123133868049268003e+01
-1.124684755368515710e+01
-1.127495261874962473e+01
-1.129632491382051285e+01
-1.131782350092233003e+01
-1.134609564054872877e+01
-1.137078421128276240e+01
-1.140414461260293777e+01
-1.142061618189795524e+01
-1.144579256041419768e+01
-1.148276067069567752e+01
-1.150090812569177601e+01
-1.153215098881197065e+01
-1.155385285787005145e+01
-1.158034226173621661e+01
-1.161930372150040824e+01
-1.165403224330770726e+01
-1.168470168205945470e+01
-1.172160961339011820e+01
-1.176132478163781769e+01
-1.179172974203694579e+01
-1.183876115463956502e+01
-1.186939211210050082e+01
-1.191457877202372373e+01
-1.195859088468344567e+01
-1.199097834172964028e+01
-1.204247934706534906e+01
-1.208095826237069126e+01
-1.212751855469363349e+01
-1.218100691290961990e+01
-1.222581898490951957e+01
-1.228015500937338444e+01
-1.232103881448169247e+01
-1.237899881582278638e+01
-1.242436410540100944e+01
-1.247393954365168511e+01
-1.253234257387927109e+01
-1.258632760147764529e+01
-1.264221228623640769e+01
-1.269784231379397887e+01
-1.275935220810033144e+01
-1.282825662996759597e+01
-1.288316660208149678e+01
-1.295672922653714032e+01
-1.300950262173867955e+01
-1.307630227945351287e+01
-1.313170225736647545e+01
-1.319925793765787780e+01
-1.325231146333295129e+01
-1.333589336667749414e+01
-1.340510059632822149e+01
-1.344955223541584743e+01
-1.354748750085135178e+01
-1.359674064463668053e+01
-1.367959119210167707e+01
-1.374584352158233891e+01
-1.380972903353309356e+01
-1.387490683274636538e+01
-1.395608938757860962e+01
-1.401723976614714928e+01
-1.409086937564447695e+01
-1.416342994951885004e+01
-1.423559251390501856e+01
-1.430919505426627936e+01
-1.436972213980731183e+01
-1.442797870049637510e+01
-1.450982054308402169e+01
-1.455947600546949339e+01
-1.461387159637279254e+01
-1.466392175804045017e+01
-1.471477014873433831e+01
-1.475635785643751241e+01
-1.479788222837061085e+01
-1.485439826832734944e+01
-1.490423935325821070e+01
-1.492636831798410846e+01
-1.495685877614915427e+01
-1.497983565933054884e+01
-1.501138869986058211e+01
-1.500834462161860294e+01
-1.503526211132638934e+01
-1.505148185000090244e+01
-1.503963069061313895e+01
-1.506007370045141869e+01
-1.504753331074809353e+01
-1.504055258008377471e+01
-1.504109451428110589e+01
-1.503877335444663110e+01
-1.500332316759837248e+01
-1.498295102384483002e+01
-1.496666573949559442e+01
-1.493975160652239254e+01
-1.491533328411300197e+01
-1.489053544652627181e+01
-1.485554491896928297e+01
-1.482522850310248330e+01
-1.479233890896446901e+01
-1.475101054099179798e+01
-1.471523371216949272e+01
-1.469031296737450809e+01
-1.466104472080939125e+01
-1.461518548280944785e+01
-1.457948362068371750e+01
-1.454228337994528886e+01
-1.450759679541648417e+01
-1.448243956761004370e+01
-1.444385175191767345e+01
-1.439995255069058722e+01
-1.436746846005257261e+01
-1.431296340766096087e+01
-1.428593200281079945e+01
-1.425611207314353912e+01
-1.421343843183506195e+01
-1.418618995988234488e+01
-1.414915841604875268e+01
-1.412636184126339778e+01
-1.407384508127601741e+01
-1.405557055712778514e+01
-1.400561427391115110e+01
-1.395100904010745602e+01
-1.390250098144178281e+01
-1.386527272605897032e+01
-1.381420857056152762e+01
-1.377212943233140052e+01
-1.373416652733095766e+01
-1.367069819915955442e+01
-1.362048803478699277e+01
-1.356577192525145570e+01
-1.349974709519409188e+01
-1.344503854694079514e+01
-1.337056319131628612e+01
-1.330119486158292474e+01
-1.323048906502739186e+01
-1.317518055257218101e+01
-1.309083836699386261e+01
-1.300139777645707717e+01
-1.292593215719186972e+01
-1.286368709896945006e+01
-1.277914080429338739e+01
-1.268691976991508241e+01
-1.260138557955069238e+01
-1.253019671448379846e+01
-1.243127857891694710e+01
-1.235213462857306332e+01
-1.225032738895209583e+01
-1.216115635608520051e+01
-1.208610339975411563e+01
-1.199860612455001885e+01
-1.191610404605325080e+01
-1.182022274508096871e+01
-1.174506289884810073e+01
-1.166003183453257996e+01
-1.158171955783789642e+01
-1.149760327498479029e+01
-1.142255207806680950e+01
-1.135688831811372879e+01
-1.127958961779638258e+01
-1.120701486687328163e+01
-1.113947998662475314e+01
-1.106576746422976321e+01
-1.099615027101609677e+01
-1.094567452610033698e+01
-1.087745256739432342e+01
-1.081527883179921368e+01
-1.076034642070556657e+01
-1.070802042543258281e+01
-1.064177562333483884e+01
-1.059315389936244856e+01
-1.054044411428359851e+01
-1.047941558889585245e+01
-1.043739705588572875e+01
-1.039273699427105413e+01
-1.034351286483166632e+01
-1.028853581161553166e+01
-1.025396497875539659e+01
-1.019414173484157260e+01
-1.016273412584788538e+01
-1.012097366471894411e+01
-1.008310645373151182e+01
-1.003523104208628958e+01
-9.995458911431658322e+00
-9.960486716207721969e+00
-9.908875371812428057e+00
-9.876206475420548969e+00
-9.824037074570188821e+00
-9.772410333107231395e+00
-9.729552582092489743e+00
-9.680876894760757523e+00
-9.631217550845786235e+00
-9.580269211011462005e+00
-9.527689752714117333e+00
-9.485120987247896096e+00
-9.431719404043203525e+00
-9.372280113245864186e+00
-9.315243753522947756e+00
-9.256000225387182923e+00
-9.196421235341578182e+00
-9.144564019078016415e+00
-9.084361740755058534e+00
-9.029502909858203807e+00
-8.960098479477764499e+00
-8.895741083810623451e+00
-8.839045603784068561e+00
-8.779291660502547501e+00
-8.709959657968799007e+00
-8.655968792192851424e+00
-8.590895121346605379e+00
-8.525420836409145053e+00
-8.470123751301047221e+00
-8.413800698628762120e+00
-8.349659472262517923e+00
-8.295801372227320059e+00
-8.235427979080197858e+00
-8.190972260687027884e+00
-8.127403529232497092e+00
-8.072898689640814140e+00
-8.019191661014183126e+00
-7.977569511382231582e+00
-7.924751803301983699e+00
-7.870150929978738219e+00
-7.834899137690145565e+00
-7.791848499945124296e+00
-7.751158255158111743e+00
-7.712774280042539843e+00
-7.669810832725957539e+00
-7.643644920457020042e+00
-7.607144418163455768e+00
-7.567722410479493789e+00
-7.544027860414795228e+00
-7.515782431633645899e+00
-7.478015679316721176e+00
-7.462320952295062426e+00
-7.438672196460983876e+00
-7.414224790776742680e+00
-7.391714793375695258e+00
-7.372562442916667180e+00
-7.354325818628685951e+00
-7.334072284515878337e+00
-7.317946638752752975e+00
-7.302864216113961859e+00
-7.290863326275433209e+00
-7.272934921414257126e+00
-7.259972449598959265e+00
-7.245647363993942491e+00
-7.230836444193488255e+00
-7.221600772036076421e+00
-7.205187908911222294e+00
-7.198499750095280092e+00
-7.175781214088207349e+00
-7.165747712800548896e+00
-7.153551921493694010e+00
-7.134895515558444146e+00
-7.120006935572128270e+00
-7.091729650177304833e+00
-7.084532135803350172e+00
-7.067348103560190609e+00
-7.043479249803485054e+00
-7.023230220304194305e+00
-7.003075676349139300e+00
-6.974833581390653237e+00
-6.957369357849159996e+00
-6.923651971235258884e+00
-6.894119284307977047e+00
-6.870239727206403302e+00
-6.840077614561788977e+00
-6.813632585318823764e+00
-6.784581852232314247e+00
-6.755313036766898094e+00
-6.725464596564441067e+00
-6.690716871560439039e+00
-6.652788033507213150e+00
-6.622592442607845520e+00
-6.590165012307064529e+00
-6.556550039196339164e+00
-6.523392637365565960e+00
-6.493968585068552457e+00
-6.458576750755129936e+00
-6.434491157371780901e+00
-6.391113756901621201e+00
-6.360031157530169565e+00
-6.327458457934124425e+00
-6.302261889968719721e+00
-6.268884588426883120e+00
-6.238804310195011027e+00
-6.211640501866918740e+00
-6.180366021615453676e+00
-6.151637618878198488e+00
-6.126288789832534221e+00
-6.102102197611833034e+00
-6.072342214455156650e+00
-6.041740031228984620e+00
-6.021553898054577303e+00
-6.002040201557559129e+00
-5.972637509299846492e+00
-5.951138106692416052e+00
-5.928436727818295005e+00
-5.909466523167247409e+00
-5.885391986153227784e+00
-5.867376565681162504e+00
-5.843400474365358477e+00
-5.826906243544498487e+00
-5.806814804705632049e+00
-5.790155892703808149e+00
-5.779652529538504169e+00
-5.759313717344085148e+00
-5.759804280972321777e+00
-5.748153109370823799e+00
-5.736872981563548635e+00
-5.733801534341296247e+00
-5.733180900986917017e+00
-5.729372371220131654e+00
-5.728319299269513110e+00
-5.726047648381783262e+00
-5.733058515502627905e+00
-5.736657723482201376e+00
-5.737777829072961744e+00
-5.741832057593581951e+00
-5.744436859221002223e+00
-5.747226639713538532e+00
-5.749167870674677161e+00
-5.748345378974129893e+00
-5.749122973276504567e+00
-5.754211337282213456e+00
-5.751099120380969154e+00
-5.756880468692280317e+00
-5.752017957589572461e+00
-5.755274114265361618e+00
-5.751911518601229290e+00
-5.754209761769045528e+00
-5.755832041603296645e+00
-5.748624511417283145e+00
-5.743953676527890906e+00
-5.749192980364520089e+00
-5.738302421302917899e+00
-5.738033685737623735e+00
-5.737742407575922243e+00
-5.736794794162367594e+00
-5.730481550423379922e+00
-5.726389461025349625e+00
-5.716893624704358245e+00
-5.718874179797030166e+00
-5.718530861200594728e+00
-5.712270523535898370e+00
-5.706813793546173130e+00
-5.707149401576674386e+00
-5.704710519206772190e+00
-5.707515238168271665e+00
-5.701692760466863241e+00
-5.698474499166192864e+00
-5.699142920172213245e+00
-5.694788224477239424e+00
-5.694947969163215440e+00
-5.697849783464706164e+00
-5.694719164417435309e+00
-5.699054256130957619e+00
-5.698109718541090274e+00
-5.692449762848182715e+00
-5.701199911210940385e+00
-5.692736332564249047e+00
-5.698133263173969176e+00
-5.697961241058169257e+00
-5.700902432073710280e+00
-5.700230967667990534e+00
-5.702591256071904979e+00
-5.707490024851217925e+00
-5.706438047392248691e+00
-5.707010487640927998e+00
-5.710438906971057271e+00
-5.712869190906550543e+00
-5.712182288479393577e+00
-5.708678364303620967e+00
-5.718414942305694915e+00
-5.724023605378878443e+00
-5.726426262959860125e+00
-5.722684562416937126e+00
-5.727196954640864313e+00
-5.730675257511721910e+00
-5.738675220828650225e+00
-5.742683634417914185e+00
-5.743412874334614671e+00
-5.745374946243515524e+00
-5.751372875510249116e+00
-5.754642428035595891e+00
-5.761227059502909142e+00
-5.764570319706052715e+00
-5.770428837907345176e+00
-5.771834717231643985e+00
-5.777268963709318861e+00
-5.783986788176892269e+00
-5.789816270836208645e+00
-5.796753558797762551e+00
-5.801844387953605242e+00
-5.807928944602521959e+00
-5.813058972079083730e+00
-5.826284282934881986e+00
-5.832433381661985550e+00
-5.845918454477013526e+00
-5.855338910402988262e+00
-5.865928345623217410e+00
-5.879804768046411390e+00
-5.894481632622180278e+00
-5.913762805180249771e+00
-5.924300122705870919e+00
-5.947587288956595941e+00
-5.964116384199133591e+00
-5.981958033466573177e+00
-6.001127173604391629e+00
-6.019994849350450039e+00
-6.043164022477359509e+00
-6.067643785101532572e+00
-6.094547277677157204e+00
-6.118449023937653664e+00
-6.134286352935646391e+00
-6.161788798352643148e+00
-6.194242166165833119e+00
-6.218563664087973564e+00
-6.247969284559448333e+00
-6.273153790233982896e+00
-6.301773596025355140e+00
-6.328975706866172501e+00
-6.356469337284522680e+00
-6.388951409473656362e+00
-6.411116499186023887e+00
-6.441556769345341493e+00
-6.466162429529399347e+00
-6.500514473138469640e+00
-6.527640989207884381e+00
-6.551631837939064340e+00
-6.577616274715466282e+00
-6.609957192344575461e+00
-6.629880572770696645e+00
-6.656450808997997903e+00
-6.685066425784286004e+00
-6.699409639770522951e+00
-6.727018177056480752e+00
-6.749011125505548492e+00
-6.768966061056811867e+00
-6.792216173924358280e+00
-6.808385808310318588e+00
-6.826407362274182766e+00
-6.844602251555597761e+00
-6.856365625143110876e+00
-6.873184218600919770e+00
-6.877056527644578310e+00
-6.893997345765706442e+00
-6.909741487370050450e+00
-6.920791659470930668e+00
-6.936677021978177038e+00
-6.945758622677310257e+00
-6.953629755764275444e+00
-6.961416902021763775e+00
-6.976735855552492538e+00
-6.983870663030219639e+00
-6.989099305506561777e+00
-6.997235204028667610e+00
-7.016469630241367383e+00
-7.028777671226828616e+00
-7.036403058243141828e+00
-7.044503537818924244e+00
-7.061671326084014488e+00
-7.082193772655912767e+00
-7.096615966670979603e+00
-7.116819894320442152e+00
-7.130908312469292021e+00
-7.152468447915345529e+00
-7.176187966175662680e+00
-7.196247630269068551e+00
-7.224457126986764344e+00
-7.253809200942340496e+00
-7.280695208868754875e+00
-7.317572556176585863e+00
-7.354131498461615735e+00
-7.388067704207543329e+00
-7.437400694937631229e+00
-7.471757900056999802e+00
-7.517869314437266581e+00
-7.569774756881497701e+00
-7.616176148392056255e+00
-7.669559533301279153e+00
-7.721476534863048968e+00
-7.779823953356999944e+00
-7.843360368093239998e+00
-7.904616721205321106e+00
-7.971061992974936672e+00
-8.031754992134853666e+00
-8.105209087610228735e+00
-8.179693936920900299e+00
-8.250531010599180703e+00
-8.325602519101716226e+00
-8.402240631616384903e+00
-8.486701345728949519e+00
-8.573486360170932130e+00
-8.654832397235312058e+00
-8.745034679618262530e+00
-8.828861730723190249e+00
-8.928401858972851102e+00
-9.011781105051785090e+00
-9.102032798251698864e+00
-9.203699972928712114e+00
-9.296007384820411446e+00
-9.396007387900793262e+00
-9.488306319631142571e+00
-9.590051937594321174e+00
-9.681341802889477322e+00
-9.786970698939589042e+00
-9.874379807075555959e+00
-9.985735064534242866e+00
-1.008523179567222883e+01
-1.018561638316663576e+01
-1.029562733613540892e+01
-1.038985436980593846e+01
-1.049666249384529415e+01
-1.059747381769338759e+01
-1.069599801118138238e+01
-1.079005910771822485e+01
-1.089853010806270461e+01
-1.099753612743484865e+01
-1.109535668084996551e+01
-1.120323455048019845e+01
-1.130361338822677197e+01
-1.140189661791227493e+01
-1.151519854574931045e+01
-1.163216214212188682e+01
-1.172595252572041602e+01
-1.183202740450747648e+01
-1.194890367349744231e+01
-1.204388718119654555e+01
-1.215971470973461521e+01
-1.226226063457612980e+01
-1.237058253521404794e+01
-1.248358923388437702e+01
-1.261541702675429910e+01
-1.272164824469497901e+01
-1.285116346934131570e+01
-1.297602669489250005e+01
-1.309763458196353092e+01
-1.322455060811229188e+01
-1.335238886013662629e+01
-1.348906873481560353e+01
-1.363001109470776839e+01
-1.377402012736384229e+01
-1.392112593561825307e+01
-1.405237342296639547e+01
-1.421588762729964728e+01
-1.435649391570511213e+01
-1.452769406532441820e+01
-1.468479480305479079e+01
-1.485302299523906733e+01
-1.503370356650320616e+01
-1.520154353907049405e+01
-1.539532326304958687e+01
-1.556154664078797545e+01
-1.574323955953790666e+01
-1.594976911785687790e+01
-1.613413694248293595e+01
-1.633202047041100258e+01
-1.653770624920272780e+01
-1.676203318994854996e+01
-1.695874615376574113e+01
-1.717811363484235798e+01
-1.739323199392067565e+01
-1.761332561229166771e+01
-1.783077990320382966e+01
-1.806962172084320883e+01
-1.829727947739714722e+01
-1.851553694091013824e+01
-1.873980468978302483e+01
-1.894749145260355760e+01
-1.914436123708526694e+01
-1.934231389199814188e+01
-1.955127117967305850e+01
-1.971300173591654925e+01
-1.990250897837519872e+01
-2.002056789874831466e+01
-2.017904156870664067e+01
-2.026406627215745715e+01
-2.035654037072555766e+01
-2.041419427819648291e+01
-2.044925955661864236e+01
-2.040561293907424911e+01
-2.038502304337049154e+01
-2.035347900361034590e+01
-2.019258725756188610e+01
-2.006460878981190632e+01
-1.990025952250977781e+01
-1.972053179606561102e+01
-1.951340959343100323e+01
-1.927232621970352255e+01
-1.905136538192891393e+01
-1.878320984053414833e+01
-1.850222398656462630e+01
-1.821188347078896186e+01
-1.793368167067157870e+01
-1.764303421678369688e+01
-1.734408495849755738e+01
-1.705020718924704326e+01
-1.674102726756492743e+01
-1.642894864183942971e+01
-1.614691722227112436e+01
-1.585298688875098883e+01
-1.555799911739534913e+01
-1.527277908829709574e+01
-1.501236229563673419e+01
-1.471955593530100259e+01
-1.444940529806949492e+01
-1.417343563795718708e+01
-1.391535800795095312e+01
-1.366280461082316755e+01
-1.342208764372605856e+01
-1.317429411578056531e+01
-1.293222591460435211e+01
-1.270813284012956856e+01
-1.247278657408780589e+01
-1.225436378944791826e+01
-1.204631523445316788e+01
-1.183783541196054045e+01
-1.164617641875237197e+01
-1.144696639831869334e+01
-1.126514136687037926e+01
-1.106029023851795756e+01
-1.088782328250361076e+01
-1.070497686239924739e+01
-1.054406803796309333e+01
-1.038543648002035802e+01
-1.021374278948169234e+01
-1.004231038664110187e+01
-9.900003020054350955e+00
-9.745603176717722249e+00
-9.600971349229535434e+00
-9.460435318463037646e+00
-9.316195281070564604e+00
-9.179382429062703963e+00
-9.034562786088008224e+00
-8.899239518576207431e+00
-8.783529876513551216e+00
-8.648669733102321899e+00
-8.519457336705171357e+00
-8.392272755031982001e+00
-8.268778845471189243e+00
-8.149045920309349711e+00
-8.022874183016092786e+00
-7.900572829130268815e+00
-7.780809608371452413e+00
-7.671530406525764789e+00
-7.543694512249228268e+00
-7.425042725967296420e+00
-7.315206585232322034e+00
-7.190508478861442399e+00
-7.072771064406713215e+00
-6.954347468014057121e+00
-6.841403510424251877e+00
-6.730068235459856218e+00
-6.604117615678015696e+00
-6.498609080943106520e+00
-6.390787456951423806e+00
-6.271767008539596233e+00
-6.161593984226535703e+00
-6.044625082127547344e+00
-5.932471474771845443e+00
-5.823000026203026813e+00
-5.715090946486457213e+00
-5.611997625630539055e+00
-5.495592232822473555e+00
-5.398431241717648987e+00
-5.293888825863184877e+00
-5.189185263850299101e+00
-5.096291127279592104e+00
-4.999323355685195480e+00
-4.906191714336380016e+00
-4.810684688691627464e+00
-4.717132991986922264e+00
-4.627197869835431909e+00
-4.546782433143073732e+00
