1.000000000000000056e-01
1.000624999999999987e-01
1.001250000000000057e-01
1.001874999999999988e-01
1.002500000000000058e-01
1.003124999999999989e-01
1.003750000000000059e-01
1.004374999999999990e-01
1.005000000000000060e-01
1.005624999999999991e-01
1.006250000000000061e-01
1.006874999999999992e-01
1.007500000000000062e-01
1.008124999999999993e-01
1.008750000000000063e-01
1.009374999999999994e-01
1.010000000000000064e-01
1.010624999999999996e-01
1.011250000000000066e-01
1.011874999999999997e-01
1.012500000000000067e-01
1.013124999999999998e-01
1.013750000000000068e-01
1.014374999999999999e-01
1.015000000000000069e-01
1.015625000000000000e-01
1.016249999999999931e-01
1.016875000000000001e-01
1.017499999999999932e-01
1.018125000000000002e-01
1.018749999999999933e-01
1.019375000000000003e-01
1.019999999999999934e-01
1.020625000000000004e-01
1.021249999999999936e-01
1.021875000000000006e-01
1.022499999999999937e-01
1.023125000000000007e-01
1.023749999999999938e-01
1.024375000000000008e-01
1.024999999999999939e-01
1.025625000000000009e-01
1.026249999999999940e-01
1.026875000000000010e-01
1.027499999999999941e-01
1.028125000000000011e-01
1.028749999999999942e-01
1.029375000000000012e-01
1.029999999999999943e-01
1.030625000000000013e-01
1.031249999999999944e-01
1.031875000000000014e-01
1.032499999999999946e-01
1.033125000000000016e-01
1.033749999999999947e-01
1.034375000000000017e-01
1.034999999999999948e-01
1.035625000000000018e-01
1.036249999999999949e-01
1.036875000000000019e-01
1.037499999999999950e-01
1.038125000000000020e-01
1.038749999999999951e-01
1.039375000000000021e-01
1.039999999999999952e-01
1.040625000000000022e-01
1.041249999999999953e-01
1.041875000000000023e-01
1.042499999999999954e-01
1.043125000000000024e-01
1.043749999999999956e-01
1.044375000000000026e-01
1.044999999999999957e-01
1.045625000000000027e-01
1.046249999999999958e-01
1.046875000000000028e-01
1.047499999999999959e-01
1.048125000000000029e-01
1.048749999999999960e-01
1.049375000000000030e-01
1.049999999999999961e-01
1.050625000000000031e-01
1.051249999999999962e-01
1.051875000000000032e-01
1.052499999999999963e-01
1.053125000000000033e-01
1.053749999999999964e-01
1.054375000000000034e-01
1.054999999999999966e-01
1.055625000000000036e-01
1.056249999999999967e-01
1.056875000000000037e-01
1.057499999999999968e-01
1.058125000000000038e-01
1.058749999999999969e-01
1.059375000000000039e-01
1.059999999999999970e-01
1.060625000000000040e-01
1.061249999999999971e-01
1.061875000000000041e-01
1.062499999999999972e-01
1.063125000000000042e-01
1.063749999999999973e-01
1.064375000000000043e-01
1.064999999999999974e-01
1.065625000000000044e-01
1.066249999999999976e-01
1.066875000000000046e-01
1.067499999999999977e-01
1.068125000000000047e-01
1.068749999999999978e-01
1.069375000000000048e-01
1.069999999999999979e-01
1.070625000000000049e-01
1.071249999999999980e-01
1.071875000000000050e-01
1.072499999999999981e-01
1.073125000000000051e-01
1.073749999999999982e-01
1.074375000000000052e-01
1.074999999999999983e-01
1.075625000000000053e-01
1.076249999999999984e-01
1.076875000000000054e-01
1.077499999999999986e-01
1.078125000000000056e-01
1.078749999999999987e-01
1.079375000000000057e-01
1.079999999999999988e-01
1.080625000000000058e-01
1.081249999999999989e-01
1.081875000000000059e-01
1.082499999999999990e-01
1.083125000000000060e-01
1.083749999999999991e-01
1.084375000000000061e-01
1.084999999999999992e-01
1.085625000000000062e-01
1.086249999999999993e-01
1.086875000000000063e-01
1.087499999999999994e-01
1.088125000000000064e-01
1.088749999999999996e-01
1.089375000000000066e-01
1.089999999999999997e-01
1.090625000000000067e-01
1.091249999999999998e-01
1.091875000000000068e-01
1.092499999999999999e-01
1.093125000000000069e-01
1.093750000000000000e-01
1.094374999999999931e-01
1.095000000000000001e-01
1.095624999999999932e-01
1.096250000000000002e-01
1.096874999999999933e-01
1.097500000000000003e-01
1.098124999999999934e-01
1.098750000000000004e-01
1.099374999999999936e-01
1.100000000000000006e-01
1.100624999999999937e-01
1.101250000000000007e-01
1.101874999999999938e-01
1.102500000000000008e-01
1.103124999999999939e-01
1.103750000000000009e-01
1.104374999999999940e-01
1.105000000000000010e-01
1.105624999999999941e-01
1.106250000000000011e-01
1.106874999999999942e-01
1.107500000000000012e-01
1.108124999999999943e-01
1.108750000000000013e-01
1.109374999999999944e-01
1.110000000000000014e-01
1.110624999999999946e-01
1.111250000000000016e-01
1.111874999999999947e-01
1.112500000000000017e-01
1.113124999999999948e-01
1.113750000000000018e-01
1.114374999999999949e-01
1.115000000000000019e-01
1.115624999999999950e-01
1.116250000000000020e-01
1.116874999999999951e-01
1.117500000000000021e-01
1.118124999999999952e-01
1.118750000000000022e-01
1.119374999999999953e-01
1.120000000000000023e-01
1.120624999999999954e-01
1.121250000000000024e-01
1.121874999999999956e-01
1.122500000000000026e-01
1.123124999999999957e-01
1.123750000000000027e-01
1.124374999999999958e-01
1.125000000000000028e-01
1.125624999999999959e-01
1.126250000000000029e-01
1.126874999999999960e-01
1.127500000000000030e-01
1.128124999999999961e-01
1.128750000000000031e-01
1.129374999999999962e-01
1.130000000000000032e-01
1.130624999999999963e-01
1.131250000000000033e-01
1.131874999999999964e-01
1.132500000000000034e-01
1.133124999999999966e-01
1.133750000000000036e-01
1.134374999999999967e-01
1.135000000000000037e-01
1.135624999999999968e-01
1.136250000000000038e-01
1.136874999999999969e-01
1.137500000000000039e-01
1.138124999999999970e-01
1.138750000000000040e-01
1.139374999999999971e-01
1.140000000000000041e-01
1.140624999999999972e-01
1.141250000000000042e-01
1.141874999999999973e-01
1.142500000000000043e-01
1.143124999999999974e-01
1.143750000000000044e-01
1.144374999999999976e-01
1.145000000000000046e-01
1.145624999999999977e-01
1.146250000000000047e-01
1.146874999999999978e-01
1.147500000000000048e-01
1.148124999999999979e-01
1.148750000000000049e-01
1.149374999999999980e-01
1.150000000000000050e-01
1.150624999999999981e-01
1.151250000000000051e-01
1.151874999999999982e-01
1.152500000000000052e-01
1.153124999999999983e-01
1.153750000000000053e-01
1.154374999999999984e-01
1.155000000000000054e-01
1.155624999999999986e-01
1.156250000000000056e-01
1.156874999999999987e-01
1.157500000000000057e-01
1.158124999999999988e-01
1.158750000000000058e-01
1.159374999999999989e-01
1.160000000000000059e-01
1.160624999999999990e-01
1.161250000000000060e-01
1.161874999999999991e-01
1.162500000000000061e-01
1.163124999999999992e-01
1.163750000000000062e-01
1.164374999999999993e-01
1.165000000000000063e-01
1.165624999999999994e-01
1.166250000000000064e-01
1.166874999999999996e-01
1.167500000000000066e-01
1.168124999999999997e-01
1.168750000000000067e-01
1.169374999999999998e-01
1.170000000000000068e-01
1.170624999999999999e-01
1.171250000000000069e-01
1.171875000000000000e-01
1.172499999999999931e-01
1.173125000000000001e-01
1.173749999999999932e-01
1.174375000000000002e-01
1.174999999999999933e-01
1.175625000000000003e-01
1.176249999999999934e-01
1.176875000000000004e-01
1.177499999999999936e-01
1.178125000000000006e-01
1.178749999999999937e-01
1.179375000000000007e-01
1.179999999999999938e-01
1.180625000000000008e-01
1.181249999999999939e-01
1.181875000000000009e-01
1.182499999999999940e-01
1.183125000000000010e-01
1.183749999999999941e-01
1.184375000000000011e-01
1.184999999999999942e-01
1.185625000000000012e-01
1.186249999999999943e-01
1.186875000000000013e-01
1.187499999999999944e-01
1.188125000000000014e-01
1.188749999999999946e-01
1.189375000000000016e-01
1.189999999999999947e-01
1.190625000000000017e-01
1.191249999999999948e-01
1.191875000000000018e-01
1.192499999999999949e-01
1.193125000000000019e-01
1.193749999999999950e-01
1.194375000000000020e-01
1.194999999999999951e-01
1.195625000000000021e-01
1.196249999999999952e-01
1.196875000000000022e-01
1.197499999999999953e-01
1.198125000000000023e-01
1.198749999999999954e-01
1.199375000000000024e-01
1.199999999999999956e-01
1.200625000000000026e-01
1.201249999999999957e-01
1.201875000000000027e-01
1.202499999999999958e-01
1.203125000000000028e-01
1.203749999999999959e-01
1.204375000000000029e-01
1.204999999999999960e-01
1.205625000000000030e-01
1.206249999999999961e-01
1.206875000000000031e-01
1.207499999999999962e-01
1.208125000000000032e-01
1.208749999999999963e-01
1.209375000000000033e-01
1.209999999999999964e-01
1.210625000000000034e-01
1.211249999999999966e-01
1.211875000000000036e-01
1.212499999999999967e-01
1.213125000000000037e-01
1.213749999999999968e-01
1.214375000000000038e-01
1.214999999999999969e-01
1.215625000000000039e-01
1.216249999999999970e-01
1.216875000000000040e-01
1.217499999999999971e-01
1.218125000000000041e-01
1.218749999999999972e-01
1.219375000000000042e-01
1.219999999999999973e-01
1.220625000000000043e-01
1.221249999999999974e-01
1.221875000000000044e-01
1.222499999999999976e-01
1.223125000000000046e-01
1.223749999999999977e-01
1.224375000000000047e-01
1.224999999999999978e-01
1.225625000000000048e-01
1.226249999999999979e-01
1.226875000000000049e-01
1.227499999999999980e-01
1.228125000000000050e-01
1.228749999999999981e-01
1.229375000000000051e-01
1.229999999999999982e-01
1.230625000000000052e-01
1.231249999999999983e-01
1.231875000000000053e-01
1.232499999999999984e-01
1.233125000000000054e-01
1.233749999999999986e-01
1.234375000000000056e-01
1.234999999999999987e-01
1.235625000000000057e-01
1.236249999999999988e-01
1.236875000000000058e-01
1.237499999999999989e-01
1.238125000000000059e-01
1.238749999999999990e-01
1.239375000000000060e-01
1.239999999999999991e-01
1.240625000000000061e-01
1.241249999999999992e-01
1.241875000000000062e-01
1.242499999999999993e-01
1.243125000000000063e-01
1.243749999999999994e-01
1.244375000000000064e-01
1.244999999999999996e-01
1.245625000000000066e-01
1.246249999999999997e-01
1.246875000000000067e-01
1.247499999999999998e-01
1.248125000000000068e-01
1.248749999999999999e-01
1.249375000000000069e-01
1.250000000000000000e-01
1.250624999999999931e-01
1.251249999999999862e-01
1.251875000000000071e-01
1.252500000000000002e-01
1.253124999999999933e-01
1.253749999999999865e-01
1.254375000000000073e-01
1.255000000000000004e-01
1.255624999999999936e-01
1.256249999999999867e-01
1.256875000000000075e-01
1.257500000000000007e-01
1.258124999999999938e-01
1.258749999999999869e-01
1.259375000000000078e-01
1.260000000000000009e-01
1.260624999999999940e-01
1.261249999999999871e-01
1.261875000000000080e-01
1.262500000000000011e-01
1.263124999999999942e-01
1.263749999999999873e-01
1.264375000000000082e-01
1.265000000000000013e-01
1.265624999999999944e-01
1.266249999999999876e-01
1.266875000000000084e-01
1.267500000000000016e-01
1.268124999999999947e-01
1.268749999999999878e-01
1.269375000000000087e-01
1.270000000000000018e-01
1.270624999999999949e-01
1.271249999999999880e-01
1.271875000000000089e-01
1.272500000000000020e-01
1.273124999999999951e-01
1.273749999999999882e-01
1.274375000000000091e-01
1.275000000000000022e-01
1.275624999999999953e-01
1.276249999999999885e-01
1.276875000000000093e-01
1.277500000000000024e-01
1.278124999999999956e-01
1.278749999999999887e-01
1.279375000000000095e-01
1.280000000000000027e-01
1.280624999999999958e-01
1.281249999999999889e-01
1.281875000000000098e-01
1.282500000000000029e-01
1.283124999999999960e-01
1.283749999999999891e-01
1.284375000000000100e-01
1.285000000000000031e-01
1.285624999999999962e-01
1.286249999999999893e-01
1.286875000000000102e-01
1.287500000000000033e-01
1.288124999999999964e-01
1.288749999999999896e-01
1.289375000000000104e-01
1.290000000000000036e-01
1.290624999999999967e-01
1.291249999999999898e-01
1.291875000000000107e-01
1.292500000000000038e-01
1.293124999999999969e-01
1.293749999999999900e-01
1.294375000000000109e-01
1.295000000000000040e-01
1.295624999999999971e-01
1.296249999999999902e-01
1.296875000000000111e-01
1.297500000000000042e-01
1.298124999999999973e-01
1.298749999999999905e-01
1.299375000000000113e-01
1.300000000000000044e-01
1.300624999999999976e-01
1.301249999999999907e-01
1.301875000000000115e-01
1.302500000000000047e-01
1.303124999999999978e-01
1.303749999999999909e-01
1.304375000000000118e-01
1.305000000000000049e-01
1.305624999999999980e-01
1.306249999999999911e-01
1.306875000000000120e-01
1.307500000000000051e-01
1.308124999999999982e-01
1.308749999999999913e-01
1.309375000000000122e-01
1.310000000000000053e-01
1.310624999999999984e-01
1.311249999999999916e-01
1.311875000000000124e-01
1.312500000000000056e-01
1.313124999999999987e-01
1.313749999999999918e-01
1.314375000000000127e-01
1.315000000000000058e-01
1.315624999999999989e-01
1.316249999999999920e-01
1.316875000000000129e-01
1.317500000000000060e-01
1.318124999999999991e-01
1.318749999999999922e-01
1.319375000000000131e-01
1.320000000000000062e-01
1.320624999999999993e-01
1.321249999999999925e-01
1.321875000000000133e-01
1.322500000000000064e-01
1.323124999999999996e-01
1.323749999999999927e-01
1.324375000000000135e-01
1.325000000000000067e-01
1.325624999999999998e-01
1.326249999999999929e-01
1.326875000000000138e-01
1.327500000000000069e-01
1.328125000000000000e-01
1.328749999999999931e-01
1.329374999999999862e-01
1.330000000000000071e-01
1.330625000000000002e-01
1.331249999999999933e-01
1.331874999999999865e-01
1.332500000000000073e-01
1.333125000000000004e-01
1.333749999999999936e-01
1.334374999999999867e-01
1.335000000000000075e-01
1.335625000000000007e-01
1.336249999999999938e-01
1.336874999999999869e-01
1.337500000000000078e-01
1.338125000000000009e-01
1.338749999999999940e-01
1.339374999999999871e-01
1.340000000000000080e-01
1.340625000000000011e-01
1.341249999999999942e-01
1.341874999999999873e-01
1.342500000000000082e-01
1.343125000000000013e-01
1.343749999999999944e-01
1.344374999999999876e-01
1.345000000000000084e-01
1.345625000000000016e-01
1.346249999999999947e-01
1.346874999999999878e-01
1.347500000000000087e-01
1.348125000000000018e-01
1.348749999999999949e-01
1.349374999999999880e-01
1.350000000000000089e-01
1.350625000000000020e-01
1.351249999999999951e-01
1.351874999999999882e-01
1.352500000000000091e-01
1.353125000000000022e-01
1.353749999999999953e-01
1.354374999999999885e-01
1.355000000000000093e-01
1.355625000000000024e-01
1.356249999999999956e-01
1.356874999999999887e-01
1.357500000000000095e-01
1.358125000000000027e-01
1.358749999999999958e-01
1.359374999999999889e-01
1.360000000000000098e-01
1.360625000000000029e-01
1.361249999999999960e-01
1.361874999999999891e-01
1.362500000000000100e-01
1.363125000000000031e-01
1.363749999999999962e-01
1.364374999999999893e-01
1.365000000000000102e-01
1.365625000000000033e-01
1.366249999999999964e-01
1.366874999999999896e-01
1.367500000000000104e-01
1.368125000000000036e-01
1.368749999999999967e-01
1.369374999999999898e-01
1.370000000000000107e-01
1.370625000000000038e-01
1.371249999999999969e-01
1.371874999999999900e-01
1.372500000000000109e-01
1.373125000000000040e-01
1.373749999999999971e-01
1.374374999999999902e-01
1.375000000000000111e-01
1.375625000000000042e-01
1.376249999999999973e-01
1.376874999999999905e-01
1.377500000000000113e-01
1.378125000000000044e-01
1.378749999999999976e-01
1.379374999999999907e-01
1.380000000000000115e-01
1.380625000000000047e-01
1.381249999999999978e-01
1.381874999999999909e-01
1.382500000000000118e-01
1.383125000000000049e-01
1.383749999999999980e-01
1.384374999999999911e-01
1.385000000000000120e-01
1.385625000000000051e-01
1.386249999999999982e-01
1.386874999999999913e-01
1.387500000000000122e-01
1.388125000000000053e-01
1.388749999999999984e-01
1.389374999999999916e-01
1.390000000000000124e-01
1.390625000000000056e-01
1.391249999999999987e-01
1.391874999999999918e-01
1.392500000000000127e-01
1.393125000000000058e-01
1.393749999999999989e-01
1.394374999999999920e-01
1.395000000000000129e-01
1.395625000000000060e-01
1.396249999999999991e-01
1.396874999999999922e-01
1.397500000000000131e-01
1.398125000000000062e-01
1.398749999999999993e-01
1.399374999999999925e-01
1.400000000000000133e-01
1.400625000000000064e-01
1.401249999999999996e-01
1.401874999999999927e-01
1.402500000000000135e-01
1.403125000000000067e-01
1.403749999999999998e-01
1.404374999999999929e-01
1.405000000000000138e-01
1.405625000000000069e-01
1.406250000000000000e-01
1.406874999999999931e-01
1.407499999999999862e-01
1.408125000000000071e-01
1.408750000000000002e-01
1.409374999999999933e-01
1.409999999999999865e-01
1.410625000000000073e-01
1.411250000000000004e-01
1.411874999999999936e-01
1.412499999999999867e-01
1.413125000000000075e-01
1.413750000000000007e-01
1.414374999999999938e-01
1.414999999999999869e-01
1.415625000000000078e-01
1.416250000000000009e-01
1.416874999999999940e-01
1.417499999999999871e-01
1.418125000000000080e-01
1.418750000000000011e-01
1.419374999999999942e-01
1.419999999999999873e-01
1.420625000000000082e-01
1.421250000000000013e-01
1.421874999999999944e-01
1.422499999999999876e-01
1.423125000000000084e-01
1.423750000000000016e-01
1.424374999999999947e-01
1.424999999999999878e-01
1.425625000000000087e-01
1.426250000000000018e-01
1.426874999999999949e-01
1.427499999999999880e-01
1.428125000000000089e-01
1.428750000000000020e-01
1.429374999999999951e-01
1.429999999999999882e-01
1.430625000000000091e-01
1.431250000000000022e-01
1.431874999999999953e-01
1.432499999999999885e-01
1.433125000000000093e-01
1.433750000000000024e-01
1.434374999999999956e-01
1.434999999999999887e-01
1.435625000000000095e-01
1.436250000000000027e-01
1.436874999999999958e-01
1.437499999999999889e-01
1.438125000000000098e-01
1.438750000000000029e-01
1.439374999999999960e-01
1.439999999999999891e-01
1.440625000000000100e-01
1.441250000000000031e-01
1.441874999999999962e-01
1.442499999999999893e-01
1.443125000000000102e-01
1.443750000000000033e-01
1.444374999999999964e-01
1.444999999999999896e-01
1.445625000000000104e-01
1.446250000000000036e-01
1.446874999999999967e-01
1.447499999999999898e-01
1.448125000000000107e-01
1.448750000000000038e-01
1.449374999999999969e-01
1.449999999999999900e-01
1.450625000000000109e-01
1.451250000000000040e-01
1.451874999999999971e-01
1.452499999999999902e-01
1.453125000000000111e-01
1.453750000000000042e-01
1.454374999999999973e-01
1.454999999999999905e-01
1.455625000000000113e-01
1.456250000000000044e-01
1.456874999999999976e-01
1.457499999999999907e-01
1.458125000000000115e-01
1.458750000000000047e-01
1.459374999999999978e-01
1.459999999999999909e-01
1.460625000000000118e-01
1.461250000000000049e-01
1.461874999999999980e-01
1.462499999999999911e-01
1.463125000000000120e-01
1.463750000000000051e-01
1.464374999999999982e-01
1.464999999999999913e-01
1.465625000000000122e-01
1.466250000000000053e-01
1.466874999999999984e-01
1.467499999999999916e-01
1.468125000000000124e-01
1.468750000000000056e-01
1.469374999999999987e-01
1.469999999999999918e-01
1.470625000000000127e-01
1.471250000000000058e-01
1.471874999999999989e-01
1.472499999999999920e-01
1.473125000000000129e-01
1.473750000000000060e-01
1.474374999999999991e-01
1.474999999999999922e-01
1.475625000000000131e-01
1.476250000000000062e-01
1.476874999999999993e-01
1.477499999999999925e-01
1.478125000000000133e-01
1.478750000000000064e-01
1.479374999999999996e-01
1.479999999999999927e-01
1.480625000000000135e-01
1.481250000000000067e-01
1.481874999999999998e-01
1.482499999999999929e-01
1.483125000000000138e-01
1.483750000000000069e-01
1.484375000000000000e-01
1.484999999999999931e-01
1.485624999999999862e-01
1.486250000000000071e-01
1.486875000000000002e-01
1.487499999999999933e-01
1.488124999999999865e-01
1.488750000000000073e-01
1.489375000000000004e-01
1.489999999999999936e-01
1.490624999999999867e-01
1.491250000000000075e-01
1.491875000000000007e-01
1.492499999999999938e-01
1.493124999999999869e-01
1.493750000000000078e-01
1.494375000000000009e-01
1.494999999999999940e-01
1.495624999999999871e-01
1.496250000000000080e-01
1.496875000000000011e-01
1.497499999999999942e-01
1.498124999999999873e-01
1.498750000000000082e-01
1.499375000000000013e-01
1.499999999999999944e-01
1.500624999999999876e-01
1.501250000000000084e-01
1.501875000000000016e-01
1.502499999999999947e-01
1.503124999999999878e-01
1.503750000000000087e-01
1.504375000000000018e-01
1.504999999999999949e-01
1.505624999999999880e-01
1.506250000000000089e-01
1.506875000000000020e-01
1.507499999999999951e-01
1.508124999999999882e-01
1.508750000000000091e-01
1.509375000000000022e-01
1.509999999999999953e-01
1.510624999999999885e-01
1.511250000000000093e-01
1.511875000000000024e-01
1.512499999999999956e-01
1.513124999999999887e-01
1.513750000000000095e-01
1.514375000000000027e-01
1.514999999999999958e-01
1.515624999999999889e-01
1.516250000000000098e-01
1.516875000000000029e-01
1.517499999999999960e-01
1.518124999999999891e-01
1.518750000000000100e-01
1.519375000000000031e-01
1.519999999999999962e-01
1.520624999999999893e-01
1.521250000000000102e-01
1.521875000000000033e-01
1.522499999999999964e-01
1.523124999999999896e-01
1.523750000000000104e-01
1.524375000000000036e-01
1.524999999999999967e-01
1.525624999999999898e-01
1.526250000000000107e-01
1.526875000000000038e-01
1.527499999999999969e-01
1.528124999999999900e-01
1.528750000000000109e-01
1.529375000000000040e-01
1.529999999999999971e-01
1.530624999999999902e-01
1.531250000000000111e-01
1.531875000000000042e-01
1.532499999999999973e-01
1.533124999999999905e-01
1.533750000000000113e-01
1.534375000000000044e-01
1.534999999999999976e-01
1.535624999999999907e-01
1.536250000000000115e-01
1.536875000000000047e-01
1.537499999999999978e-01
1.538124999999999909e-01
1.538750000000000118e-01
1.539375000000000049e-01
1.539999999999999980e-01
1.540624999999999911e-01
1.541250000000000120e-01
1.541875000000000051e-01
1.542499999999999982e-01
1.543124999999999913e-01
1.543750000000000122e-01
1.544375000000000053e-01
1.544999999999999984e-01
1.545624999999999916e-01
1.546250000000000124e-01
1.546875000000000056e-01
1.547499999999999987e-01
1.548124999999999918e-01
1.548750000000000127e-01
1.549375000000000058e-01
1.549999999999999989e-01
1.550624999999999920e-01
1.551250000000000129e-01
1.551875000000000060e-01
1.552499999999999991e-01
1.553124999999999922e-01
1.553750000000000131e-01
1.554375000000000062e-01
1.554999999999999993e-01
1.555624999999999925e-01
1.556250000000000133e-01
1.556875000000000064e-01
1.557499999999999996e-01
1.558124999999999927e-01
1.558750000000000135e-01
1.559375000000000067e-01
1.559999999999999998e-01
1.560624999999999929e-01
1.561250000000000138e-01
1.561875000000000069e-01
1.562500000000000000e-01
1.563124999999999931e-01
1.563749999999999862e-01
1.564375000000000071e-01
1.565000000000000002e-01
1.565624999999999933e-01
1.566249999999999865e-01
1.566875000000000073e-01
1.567500000000000004e-01
1.568124999999999936e-01
1.568749999999999867e-01
1.569375000000000075e-01
1.570000000000000007e-01
1.570624999999999938e-01
1.571249999999999869e-01
1.571875000000000078e-01
1.572500000000000009e-01
1.573124999999999940e-01
1.573749999999999871e-01
1.574375000000000080e-01
1.575000000000000011e-01
1.575624999999999942e-01
1.576249999999999873e-01
1.576875000000000082e-01
1.577500000000000013e-01
1.578124999999999944e-01
1.578749999999999876e-01
1.579375000000000084e-01
1.580000000000000016e-01
1.580624999999999947e-01
1.581249999999999878e-01
1.581875000000000087e-01
1.582500000000000018e-01
1.583124999999999949e-01
1.583749999999999880e-01
1.584375000000000089e-01
1.585000000000000020e-01
1.585624999999999951e-01
1.586249999999999882e-01
1.586875000000000091e-01
1.587500000000000022e-01
1.588124999999999953e-01
1.588749999999999885e-01
1.589375000000000093e-01
1.590000000000000024e-01
1.590624999999999956e-01
1.591249999999999887e-01
1.591875000000000095e-01
1.592500000000000027e-01
1.593124999999999958e-01
1.593749999999999889e-01
1.594375000000000098e-01
1.595000000000000029e-01
1.595624999999999960e-01
1.596249999999999891e-01
1.596875000000000100e-01
1.597500000000000031e-01
1.598124999999999962e-01
1.598749999999999893e-01
1.599375000000000102e-01
1.600000000000000033e-01
1.600624999999999964e-01
1.601249999999999896e-01
1.601875000000000104e-01
1.602500000000000036e-01
1.603124999999999967e-01
1.603749999999999898e-01
1.604375000000000107e-01
1.605000000000000038e-01
1.605624999999999969e-01
1.606249999999999900e-01
1.606875000000000109e-01
1.607500000000000040e-01
1.608124999999999971e-01
1.608749999999999902e-01
1.609375000000000111e-01
1.610000000000000042e-01
1.610624999999999973e-01
1.611249999999999905e-01
1.611875000000000113e-01
1.612500000000000044e-01
1.613124999999999976e-01
1.613749999999999907e-01
1.614375000000000115e-01
1.615000000000000047e-01
1.615624999999999978e-01
1.616249999999999909e-01
1.616875000000000118e-01
1.617500000000000049e-01
1.618124999999999980e-01
1.618749999999999911e-01
1.619375000000000120e-01
1.620000000000000051e-01
1.620624999999999982e-01
1.621249999999999913e-01
1.621875000000000122e-01
1.622500000000000053e-01
1.623124999999999984e-01
1.623749999999999916e-01
1.624375000000000124e-01
1.625000000000000056e-01
1.625624999999999987e-01
1.626249999999999918e-01
1.626875000000000127e-01
1.627500000000000058e-01
1.628124999999999989e-01
1.628749999999999920e-01
1.629375000000000129e-01
1.630000000000000060e-01
1.630624999999999991e-01
1.631249999999999922e-01
1.631875000000000131e-01
1.632500000000000062e-01
1.633124999999999993e-01
1.633749999999999925e-01
1.634375000000000133e-01
1.635000000000000064e-01
1.635624999999999996e-01
1.636249999999999927e-01
1.636875000000000135e-01
1.637500000000000067e-01
1.638124999999999998e-01
1.638749999999999929e-01
1.639375000000000138e-01
1.640000000000000069e-01
1.640625000000000000e-01
1.641249999999999931e-01
1.641874999999999862e-01
1.642500000000000071e-01
1.643125000000000002e-01
1.643749999999999933e-01
1.644374999999999865e-01
1.645000000000000073e-01
1.645625000000000004e-01
1.646249999999999936e-01
1.646874999999999867e-01
1.647500000000000075e-01
1.648125000000000007e-01
1.648749999999999938e-01
1.649374999999999869e-01
1.650000000000000078e-01
1.650625000000000009e-01
1.651249999999999940e-01
1.651874999999999871e-01
1.652500000000000080e-01
1.653125000000000011e-01
1.653749999999999942e-01
1.654374999999999873e-01
1.655000000000000082e-01
1.655625000000000013e-01
1.656249999999999944e-01
1.656874999999999876e-01
1.657500000000000084e-01
1.658125000000000016e-01
1.658749999999999947e-01
1.659374999999999878e-01
1.660000000000000087e-01
1.660625000000000018e-01
1.661249999999999949e-01
1.661874999999999880e-01
1.662500000000000089e-01
1.663125000000000020e-01
1.663749999999999951e-01
1.664374999999999882e-01
1.665000000000000091e-01
1.665625000000000022e-01
1.666249999999999953e-01
1.666874999999999885e-01
1.667500000000000093e-01
1.668125000000000024e-01
1.668749999999999956e-01
1.669374999999999887e-01
1.670000000000000095e-01
1.670625000000000027e-01
1.671249999999999958e-01
1.671874999999999889e-01
1.672500000000000098e-01
1.673125000000000029e-01
1.673749999999999960e-01
1.674374999999999891e-01
1.675000000000000100e-01
1.675625000000000031e-01
1.676249999999999962e-01
1.676874999999999893e-01
1.677500000000000102e-01
1.678125000000000033e-01
1.678749999999999964e-01
1.679374999999999896e-01
1.680000000000000104e-01
1.680625000000000036e-01
1.681249999999999967e-01
1.681874999999999898e-01
1.682500000000000107e-01
1.683125000000000038e-01
1.683749999999999969e-01
1.684374999999999900e-01
1.685000000000000109e-01
1.685625000000000040e-01
1.686249999999999971e-01
1.686874999999999902e-01
1.687500000000000111e-01
1.688125000000000042e-01
1.688749999999999973e-01
1.689374999999999905e-01
1.690000000000000113e-01
1.690625000000000044e-01
1.691249999999999976e-01
1.691874999999999907e-01
1.692500000000000115e-01
1.693125000000000047e-01
1.693749999999999978e-01
1.694374999999999909e-01
1.695000000000000118e-01
1.695625000000000049e-01
1.696249999999999980e-01
1.696874999999999911e-01
1.697500000000000120e-01
1.698125000000000051e-01
1.698749999999999982e-01
1.699374999999999913e-01
1.700000000000000122e-01
1.700625000000000053e-01
1.701249999999999984e-01
1.701874999999999916e-01
1.702500000000000124e-01
1.703125000000000056e-01
1.703749999999999987e-01
1.704374999999999918e-01
1.705000000000000127e-01
1.705625000000000058e-01
1.706249999999999989e-01
1.706874999999999920e-01
1.707500000000000129e-01
1.708125000000000060e-01
1.708749999999999991e-01
1.709374999999999922e-01
1.710000000000000131e-01
1.710625000000000062e-01
1.711249999999999993e-01
1.711874999999999925e-01
1.712500000000000133e-01
1.713125000000000064e-01
1.713749999999999996e-01
1.714374999999999927e-01
1.715000000000000135e-01
1.715625000000000067e-01
1.716249999999999998e-01
1.716874999999999929e-01
1.717500000000000138e-01
1.718125000000000069e-01
1.718750000000000000e-01
1.719374999999999931e-01
1.719999999999999862e-01
1.720625000000000071e-01
1.721250000000000002e-01
1.721874999999999933e-01
1.722499999999999865e-01
1.723125000000000073e-01
1.723750000000000004e-01
1.724374999999999936e-01
1.724999999999999867e-01
1.725625000000000075e-01
1.726250000000000007e-01
1.726874999999999938e-01
1.727499999999999869e-01
1.728125000000000078e-01
1.728750000000000009e-01
1.729374999999999940e-01
1.729999999999999871e-01
1.730625000000000080e-01
1.731250000000000011e-01
1.731874999999999942e-01
1.732499999999999873e-01
1.733125000000000082e-01
1.733750000000000013e-01
1.734374999999999944e-01
1.734999999999999876e-01
1.735625000000000084e-01
1.736250000000000016e-01
1.736874999999999947e-01
1.737499999999999878e-01
1.738125000000000087e-01
1.738750000000000018e-01
1.739374999999999949e-01
1.739999999999999880e-01
1.740625000000000089e-01
1.741250000000000020e-01
1.741874999999999951e-01
1.742499999999999882e-01
1.743125000000000091e-01
1.743750000000000022e-01
1.744374999999999953e-01
1.744999999999999885e-01
1.745625000000000093e-01
1.746250000000000024e-01
1.746874999999999956e-01
1.747499999999999887e-01
1.748125000000000095e-01
1.748750000000000027e-01
1.749374999999999958e-01
1.749999999999999889e-01
1.750625000000000098e-01
1.751250000000000029e-01
1.751874999999999960e-01
1.752499999999999891e-01
1.753125000000000100e-01
1.753750000000000031e-01
1.754374999999999962e-01
1.754999999999999893e-01
1.755625000000000102e-01
1.756250000000000033e-01
1.756874999999999964e-01
1.757499999999999896e-01
1.758125000000000104e-01
1.758750000000000036e-01
1.759374999999999967e-01
1.759999999999999898e-01
1.760625000000000107e-01
1.761250000000000038e-01
1.761874999999999969e-01
1.762499999999999900e-01
1.763125000000000109e-01
1.763750000000000040e-01
1.764374999999999971e-01
1.764999999999999902e-01
1.765625000000000111e-01
1.766250000000000042e-01
1.766874999999999973e-01
1.767499999999999905e-01
1.768125000000000113e-01
1.768750000000000044e-01
1.769374999999999976e-01
1.769999999999999907e-01
1.770625000000000115e-01
1.771250000000000047e-01
1.771874999999999978e-01
1.772499999999999909e-01
1.773125000000000118e-01
1.773750000000000049e-01
1.774374999999999980e-01
1.774999999999999911e-01
1.775625000000000120e-01
1.776250000000000051e-01
1.776874999999999982e-01
1.777499999999999913e-01
1.778125000000000122e-01
1.778750000000000053e-01
1.779374999999999984e-01
1.779999999999999916e-01
1.780625000000000124e-01
1.781250000000000056e-01
1.781874999999999987e-01
1.782499999999999918e-01
1.783125000000000127e-01
1.783750000000000058e-01
1.784374999999999989e-01
1.784999999999999920e-01
1.785625000000000129e-01
1.786250000000000060e-01
1.786874999999999991e-01
1.787499999999999922e-01
1.788125000000000131e-01
1.788750000000000062e-01
1.789374999999999993e-01
1.789999999999999925e-01
1.790625000000000133e-01
1.791250000000000064e-01
1.791874999999999996e-01
1.792499999999999927e-01
1.793125000000000135e-01
1.793750000000000067e-01
1.794374999999999998e-01
1.794999999999999929e-01
1.795625000000000138e-01
1.796250000000000069e-01
1.796875000000000000e-01
1.797499999999999931e-01
1.798124999999999862e-01
1.798750000000000071e-01
1.799375000000000002e-01
1.799999999999999933e-01
1.800624999999999865e-01
1.801250000000000073e-01
1.801875000000000004e-01
1.802499999999999936e-01
1.803124999999999867e-01
1.803750000000000075e-01
1.804375000000000007e-01
1.804999999999999938e-01
1.805624999999999869e-01
1.806250000000000078e-01
1.806875000000000009e-01
1.807499999999999940e-01
1.808124999999999871e-01
1.808750000000000080e-01
1.809375000000000011e-01
1.809999999999999942e-01
1.810624999999999873e-01
1.811250000000000082e-01
1.811875000000000013e-01
1.812499999999999944e-01
1.813124999999999876e-01
1.813750000000000084e-01
1.814375000000000016e-01
1.814999999999999947e-01
1.815624999999999878e-01
1.816250000000000087e-01
1.816875000000000018e-01
1.817499999999999949e-01
1.818124999999999880e-01
1.818750000000000089e-01
1.819375000000000020e-01
1.819999999999999951e-01
1.820624999999999882e-01
1.821250000000000091e-01
1.821875000000000022e-01
1.822499999999999953e-01
1.823124999999999885e-01
1.823750000000000093e-01
1.824375000000000024e-01
1.824999999999999956e-01
1.825624999999999887e-01
1.826250000000000095e-01
1.826875000000000027e-01
1.827499999999999958e-01
1.828124999999999889e-01
1.828750000000000098e-01
1.829375000000000029e-01
1.829999999999999960e-01
1.830624999999999891e-01
1.831250000000000100e-01
1.831875000000000031e-01
1.832499999999999962e-01
1.833124999999999893e-01
1.833750000000000102e-01
1.834375000000000033e-01
1.834999999999999964e-01
1.835624999999999896e-01
1.836250000000000104e-01
1.836875000000000036e-01
1.837499999999999967e-01
1.838124999999999898e-01
1.838750000000000107e-01
1.839375000000000038e-01
1.839999999999999969e-01
1.840624999999999900e-01
1.841250000000000109e-01
1.841875000000000040e-01
1.842499999999999971e-01
1.843124999999999902e-01
1.843750000000000111e-01
1.844375000000000042e-01
1.844999999999999973e-01
1.845624999999999905e-01
1.846250000000000113e-01
1.846875000000000044e-01
1.847499999999999976e-01
1.848124999999999907e-01
1.848750000000000115e-01
1.849375000000000047e-01
1.849999999999999978e-01
1.850624999999999909e-01
1.851250000000000118e-01
1.851875000000000049e-01
1.852499999999999980e-01
1.853124999999999911e-01
1.853750000000000120e-01
1.854375000000000051e-01
1.854999999999999982e-01
1.855624999999999913e-01
1.856250000000000122e-01
1.856875000000000053e-01
1.857499999999999984e-01
1.858124999999999916e-01
1.858750000000000124e-01
1.859375000000000056e-01
1.859999999999999987e-01
1.860624999999999918e-01
1.861250000000000127e-01
1.861875000000000058e-01
1.862499999999999989e-01
1.863124999999999920e-01
1.863750000000000129e-01
1.864375000000000060e-01
1.864999999999999991e-01
1.865624999999999922e-01
1.866250000000000131e-01
1.866875000000000062e-01
1.867499999999999993e-01
1.868124999999999925e-01
1.868750000000000133e-01
1.869375000000000064e-01
1.869999999999999996e-01
1.870624999999999927e-01
1.871250000000000135e-01
1.871875000000000067e-01
1.872499999999999998e-01
1.873124999999999929e-01
1.873750000000000138e-01
1.874375000000000069e-01
1.875000000000000000e-01
1.875624999999999931e-01
1.876249999999999862e-01
1.876875000000000071e-01
1.877500000000000002e-01
1.878124999999999933e-01
1.878749999999999865e-01
1.879375000000000073e-01
1.880000000000000004e-01
1.880624999999999936e-01
1.881249999999999867e-01
1.881875000000000075e-01
1.882500000000000007e-01
1.883124999999999938e-01
1.883749999999999869e-01
1.884375000000000078e-01
1.885000000000000009e-01
1.885624999999999940e-01
1.886249999999999871e-01
1.886875000000000080e-01
1.887500000000000011e-01
1.888124999999999942e-01
1.888749999999999873e-01
1.889375000000000082e-01
1.890000000000000013e-01
1.890624999999999944e-01
1.891249999999999876e-01
1.891875000000000084e-01
1.892500000000000016e-01
1.893124999999999947e-01
1.893749999999999878e-01
1.894375000000000087e-01
1.895000000000000018e-01
1.895624999999999949e-01
1.896249999999999880e-01
1.896875000000000089e-01
1.897500000000000020e-01
1.898124999999999951e-01
1.898749999999999882e-01
1.899375000000000091e-01
1.900000000000000022e-01
1.900624999999999953e-01
1.901249999999999885e-01
1.901875000000000093e-01
1.902500000000000024e-01
1.903124999999999956e-01
1.903749999999999887e-01
1.904375000000000095e-01
1.905000000000000027e-01
1.905624999999999958e-01
1.906249999999999889e-01
1.906875000000000098e-01
1.907500000000000029e-01
1.908124999999999960e-01
1.908749999999999891e-01
1.909375000000000100e-01
1.910000000000000031e-01
1.910624999999999962e-01
1.911249999999999893e-01
1.911875000000000102e-01
1.912500000000000033e-01
1.913124999999999964e-01
1.913749999999999896e-01
1.914375000000000104e-01
1.915000000000000036e-01
1.915624999999999967e-01
1.916249999999999898e-01
1.916875000000000107e-01
1.917500000000000038e-01
1.918124999999999969e-01
1.918749999999999900e-01
1.919375000000000109e-01
1.920000000000000040e-01
1.920624999999999971e-01
1.921249999999999902e-01
1.921875000000000111e-01
1.922500000000000042e-01
1.923124999999999973e-01
1.923749999999999905e-01
1.924375000000000113e-01
1.925000000000000044e-01
1.925624999999999976e-01
1.926249999999999907e-01
1.926875000000000115e-01
1.927500000000000047e-01
1.928124999999999978e-01
1.928749999999999909e-01
1.929375000000000118e-01
1.930000000000000049e-01
1.930624999999999980e-01
1.931249999999999911e-01
1.931875000000000120e-01
1.932500000000000051e-01
1.933124999999999982e-01
1.933749999999999913e-01
1.934375000000000122e-01
1.935000000000000053e-01
1.935624999999999984e-01
1.936249999999999916e-01
1.936875000000000124e-01
1.937500000000000056e-01
1.938124999999999987e-01
1.938749999999999918e-01
1.939375000000000127e-01
1.940000000000000058e-01
1.940624999999999989e-01
1.941249999999999920e-01
1.941875000000000129e-01
1.942500000000000060e-01
1.943124999999999991e-01
1.943749999999999922e-01
1.944375000000000131e-01
1.945000000000000062e-01
1.945624999999999993e-01
1.946249999999999925e-01
1.946875000000000133e-01
1.947500000000000064e-01
1.948124999999999996e-01
1.948749999999999927e-01
1.949375000000000135e-01
1.950000000000000067e-01
1.950624999999999998e-01
1.951249999999999929e-01
1.951875000000000138e-01
1.952500000000000069e-01
1.953125000000000000e-01
1.953749999999999931e-01
1.954374999999999862e-01
1.955000000000000071e-01
1.955625000000000002e-01
1.956249999999999933e-01
1.956874999999999865e-01
1.957500000000000073e-01
1.958125000000000004e-01
1.958749999999999936e-01
1.959374999999999867e-01
1.960000000000000075e-01
1.960625000000000007e-01
1.961249999999999938e-01
1.961874999999999869e-01
1.962500000000000078e-01
1.963125000000000009e-01
1.963749999999999940e-01
1.964374999999999871e-01
1.965000000000000080e-01
1.965625000000000011e-01
1.966249999999999942e-01
1.966874999999999873e-01
1.967500000000000082e-01
1.968125000000000013e-01
1.968749999999999944e-01
1.969374999999999876e-01
1.970000000000000084e-01
1.970625000000000016e-01
1.971249999999999947e-01
1.971874999999999878e-01
1.972500000000000087e-01
1.973125000000000018e-01
1.973749999999999949e-01
1.974374999999999880e-01
1.975000000000000089e-01
1.975625000000000020e-01
1.976249999999999951e-01
1.976874999999999882e-01
1.977500000000000091e-01
1.978125000000000022e-01
1.978749999999999953e-01
1.979374999999999885e-01
1.980000000000000093e-01
1.980625000000000024e-01
1.981249999999999956e-01
1.981874999999999887e-01
1.982500000000000095e-01
1.983125000000000027e-01
1.983749999999999958e-01
1.984374999999999889e-01
1.985000000000000098e-01
1.985625000000000029e-01
1.986249999999999960e-01
1.986874999999999891e-01
1.987500000000000100e-01
1.988125000000000031e-01
1.988749999999999962e-01
1.989374999999999893e-01
1.990000000000000102e-01
1.990625000000000033e-01
1.991249999999999964e-01
1.991874999999999896e-01
1.992500000000000104e-01
1.993125000000000036e-01
1.993749999999999967e-01
1.994374999999999898e-01
1.995000000000000107e-01
1.995625000000000038e-01
1.996249999999999969e-01
1.996874999999999900e-01
1.997500000000000109e-01
1.998125000000000040e-01
1.998749999999999971e-01
1.999374999999999902e-01
