-1.589543301871026699e+02
-1.595259399745029611e+02
-1.600773577225714916e+02
-1.606286090707526739e+02
-1.611835593250667955e+02
-1.617689434353703177e+02
-1.623400140328960219e+02
-1.628458076737316560e+02
-1.634530954801184350e+02
-1.639854328005613411e+02
-1.645664944530191462e+02
-1.650894491035266753e+02
-1.656193358398063822e+02
-1.661736313507340412e+02
-1.667262838670611700e+02
-1.672778747157271084e+02
-1.678476674174746108e+02
-1.683605990611439154e+02
-1.689105237303252238e+02
-1.694322439251272385e+02
-1.699687466213307232e+02
-1.704753972541765563e+02
-1.710113451440370227e+02
-1.715707347669847707e+02
-1.720859560264711376e+02
-1.726485306073195432e+02
-1.731679169665636380e+02
-1.736739567042760939e+02
-1.742107476141855784e+02
-1.747809355588859432e+02
-1.753032501260360050e+02
-1.757972322122513447e+02
-1.763588158868161031e+02
-1.768889319947221850e+02
-1.774451597107799614e+02
-1.779898361572689396e+02
-1.785373675625347687e+02
-1.790863622243896032e+02
-1.796550721387620797e+02
-1.802090764299045418e+02
-1.807675236953420210e+02
-1.813906405027926496e+02
-1.819384033264433640e+02
-1.825245425418756327e+02
-1.831071072148634755e+02
-1.837054088112078603e+02
-1.843295331191714297e+02
-1.848963061637796557e+02
-1.855211450364062387e+02
-1.861427757898928803e+02
-1.867870314409165360e+02
-1.874167203710228478e+02
-1.880560965186280384e+02
-1.887078932015523094e+02
-1.893777312620549935e+02
-1.900256493413500323e+02
-1.907232651439075255e+02
-1.914085231690436331e+02
-1.920942910904308860e+02
-1.927806839275999096e+02
-1.934779131256895539e+02
-1.942135438288335081e+02
-1.949812866622829119e+02
-1.956604800671530029e+02
-1.964700476151877240e+02
-1.972120893319244885e+02
-1.979341248102977318e+02
-1.987242398410257351e+02
-1.995045891807410783e+02
-2.003147923167141755e+02
-2.010539454005575521e+02
-2.018608762459807053e+02
-2.026424901618966885e+02
-2.034789267632650365e+02
-2.042490409575126193e+02
-2.050909952643323493e+02
-2.059004008422002698e+02
-2.067061274598163152e+02
-2.075807981724724698e+02
-2.084244689909565409e+02
-2.092664153136742584e+02
-2.100830737067967391e+02
-2.109359031496468333e+02
-2.117767865361587667e+02
-2.125956689157672201e+02
-2.133872009811110786e+02
-2.142788689176206844e+02
-2.150955124587632099e+02
-2.159363638573397850e+02
-2.168345158938716963e+02
-2.176957182427037196e+02
-2.185606029983176768e+02
-2.193904617507123760e+02
-2.202689302720063722e+02
-2.211337287895981660e+02
-2.220041207545237967e+02
-2.228339077617587236e+02
-2.237308427869006664e+02
-2.245805071644609825e+02
-2.254419530291814908e+02
-2.262897904505630322e+02
-2.271977542797137062e+02
-2.280269121558974348e+02
-2.288689050803494638e+02
-2.297767250552826113e+02
-2.306263838003987416e+02
-2.314542108500754694e+02
-2.323332521835154409e+02
-2.332129759007956977e+02
-2.340512446860672071e+02
-2.349208932986439038e+02
-2.357894044229119004e+02
-2.366880567140484857e+02
-2.375282886546803809e+02
-2.384126253709985974e+02
-2.392819720821569831e+02
-2.401751757235263938e+02
-2.410936734556474619e+02
-2.419745510750147446e+02
-2.428390576531253373e+02
-2.437737404624666908e+02
-2.446831786923455923e+02
-2.456163596578673207e+02
-2.464909848397554413e+02
-2.474192894866471590e+02
-2.483657796024366178e+02
-2.493002101737471321e+02
-2.502359010306183791e+02
-2.512205534723650544e+02
-2.521665509391405067e+02
-2.531150752376505295e+02
-2.541307121253790342e+02
-2.551283959198403295e+02
-2.561029688688886381e+02
-2.571206906574612958e+02
-2.581226560274488406e+02
-2.591543665504487421e+02
-2.601500776943363462e+02
-2.611655170990010788e+02
-2.621827522337737264e+02
-2.632032997151826521e+02
-2.641934485029926805e+02
-2.652565859504916830e+02
-2.662773757155602539e+02
-2.672832343384091587e+02
-2.683414325932163820e+02
-2.693830505338037824e+02
-2.704130876907229890e+02
-2.713978043555265458e+02
-2.724747630080021281e+02
-2.735189390580078452e+02
-2.745322230383934539e+02
-2.755385491431682681e+02
-2.765721702685239052e+02
-2.775905836836657841e+02
-2.785734284550056827e+02
-2.795714280918918462e+02
-2.805088337655853934e+02
-2.814892607625186542e+02
-2.824785500905613276e+02
-2.833633333842893762e+02
-2.842853464468299194e+02
-2.852119260130438079e+02
-2.860991991325118420e+02
-2.870110242515647769e+02
-2.878461009800408874e+02
-2.887133005067791487e+02
-2.895354599983633079e+02
-2.903344881009961682e+02
-2.911819649269277761e+02
-2.919964988282291074e+02
-2.927726657787419526e+02
-2.935203569581138936e+02
-2.943176980846932906e+02
-2.950897632575053535e+02
-2.958334174255168705e+02
-2.965135128457907854e+02
-2.972805879562441191e+02
-2.979606048218767569e+02
-2.987049145177576293e+02
-2.993979239392177192e+02
-3.001601688223699966e+02
-3.007876085263629307e+02
-3.014816072188210114e+02
-3.021651746568556405e+02
-3.029059518744011825e+02
-3.035474564967215656e+02
-3.042909398224842334e+02
-3.049834371309242442e+02
-3.056813474272349822e+02
-3.064522668175352464e+02
-3.071031208974181936e+02
-3.078002686091511464e+02
-3.085520691214998692e+02
-3.092412699966291143e+02
-3.099556483157078901e+02
-3.107119193178685919e+02
-3.114446491075635777e+02
-3.121920839629505053e+02
-3.129138305924089423e+02
-3.137049562085560410e+02
-3.144410814627113382e+02
-3.151768009064060152e+02
-3.160250377287073320e+02
-3.167594093855281017e+02
-3.175289836172184437e+02
-3.183065330356732261e+02
-3.191164460314938083e+02
-3.199194455217282780e+02
-3.207306203115819017e+02
-3.215260021014380527e+02
-3.223692306716167764e+02
-3.231522602791757208e+02
-3.239621666927174033e+02
-3.247790070346045468e+02
-3.255852794194130411e+02
-3.264062897410092319e+02
-3.272860891789318316e+02
-3.280971605733168985e+02
-3.289097017148623650e+02
-3.296799600412209656e+02
-3.304855172424877310e+02
-3.312437977464094843e+02
-3.321009715455160745e+02
-3.328272577777937613e+02
-3.336247170778491409e+02
-3.343666569729305706e+02
-3.351428160970623935e+02
-3.358857061202176624e+02
-3.366173599359457285e+02
-3.373617376541441786e+02
-3.380687841651360941e+02
-3.387342201444247394e+02
-3.393983205366952234e+02
-3.400907616311080801e+02
-3.407624855762313700e+02
-3.413887865766363916e+02
-3.420316452188974949e+02
-3.427025090728470786e+02
-3.432852880637598219e+02
-3.439119648982583044e+02
-3.444929336342944453e+02
-3.450392482804288647e+02
-3.456355411707767757e+02
-3.462166563583575112e+02
-3.467821589417652035e+02
-3.473200394013308596e+02
-3.478582762054181785e+02
-3.484047478782728717e+02
-3.489262007425642196e+02
-3.494054717972904882e+02
-3.499591903976337903e+02
-3.504650757664945786e+02
-3.509892580856057975e+02
-3.514405134672613258e+02
-3.519727704903706353e+02
-3.524845473769158843e+02
-3.529738115956898241e+02
-3.534906360263059923e+02
-3.539723169020397791e+02
-3.544330502098078455e+02
-3.549518624946730370e+02
-3.554508888967822031e+02
-3.559567595114276628e+02
-3.564716208358660197e+02
-3.569903887330771113e+02
-3.574593411666898533e+02
-3.579677734085481688e+02
-3.585128211465072923e+02
-3.590151000041242355e+02
-3.595304587497768125e+02
-3.600337585323120493e+02
-3.605531943733024036e+02
-3.610645900521487306e+02
-3.616392508222015181e+02
-3.621486515789399618e+02
-3.627037289108002369e+02
-3.632197971930359586e+02
-3.637770659477399704e+02
-3.643718122979034888e+02
-3.648407340332378226e+02
-3.654256816838773148e+02
-3.659897238335813086e+02
-3.665227666549793639e+02
-3.670937086051210940e+02
-3.676615615068976695e+02
-3.682105231656232149e+02
-3.687833369826294643e+02
-3.693145433763238543e+02
-3.698808343647762626e+02
-3.704355699260880215e+02
-3.710526894586374169e+02
-3.715764499817392448e+02
-3.721366280669321895e+02
-3.727160058356699892e+02
-3.732328812854108264e+02
-3.738345940891232999e+02
-3.743748696394058015e+02
-3.749851767360392500e+02
-3.754967094909057437e+02
-3.760693111458910494e+02
-3.766487596882823254e+02
-3.771509182161813669e+02
-3.776965325812395804e+02
-3.782726838735372326e+02
-3.788093450404880400e+02
-3.793165422808081644e+02
-3.798688504645012927e+02
-3.803310574227739380e+02
-3.809193072209954494e+02
-3.814130079677661911e+02
-3.819504609800464436e+02
-3.824529205697243697e+02
-3.829561425124671814e+02
-3.834824610574942199e+02
-3.839767842521273451e+02
-3.844749259760239397e+02
-3.849407412069127759e+02
-3.854361694397190945e+02
-3.859311299274914973e+02
-3.863973910877288063e+02
-3.869139892720666580e+02
-3.874044556309453355e+02
-3.878648121122141674e+02
-3.883085191059273598e+02
-3.888069993020027368e+02
-3.892498248644291152e+02
-3.896916520957729517e+02
-3.901233168144071328e+02
-3.906180671935884448e+02
-3.910784073465350161e+02
-3.914843400168093694e+02
-3.919580296669138875e+02
-3.923397392604462652e+02
-3.928207351326985304e+02
-3.932683501184694137e+02
-3.937099658874207080e+02
-3.941315897150004730e+02
-3.945477252693953005e+02
-3.949598953921775433e+02
-3.954164687209812428e+02
-3.958555916769668102e+02
-3.962630170323690209e+02
-3.966841441140943516e+02
-3.971250179267373142e+02
-3.975551738582585131e+02
-3.979906958630853069e+02
-3.984288763319685813e+02
-3.988715023616303483e+02
-3.993040048246159017e+02
-3.997441737527481678e+02
-4.002135780362673358e+02
-4.006388776635590148e+02
-4.011062051323201558e+02
-4.015447499486390370e+02
-4.019935325748161858e+02
-4.024424180338878614e+02
-4.029035222476760509e+02
-4.033522216335566668e+02
-4.038074678187934978e+02
-4.042940029133579856e+02
-4.047774439898787477e+02
-4.052105633674876231e+02
-4.056735904568741375e+02
-4.061774808304651287e+02
-4.066496751642725940e+02
-4.071401251209769612e+02
-4.076062181028036662e+02
-4.081269429159892184e+02
-4.085962632752438708e+02
-4.090739789058253564e+02
-4.095919246609345805e+02
-4.100793477674943688e+02
-4.105922159793911419e+02
-4.110949634806745507e+02
-4.115962758686923166e+02
-4.121046977064214047e+02
-4.125940547768994975e+02
-4.131411826281214985e+02
-4.136469353670548230e+02
-4.141334559287744810e+02
-4.146324088631120048e+02
-4.151536895018528526e+02
-4.156591431524909694e+02
-4.162172969085163459e+02
-4.166891078767280305e+02
-4.172038298140729466e+02
-4.176691431510481038e+02
-4.181601117559205818e+02
-4.186454147766314691e+02
-4.191241105679993666e+02
-4.196378940722253787e+02
-4.201257555849028904e+02
-4.205943351033665749e+02
-4.210856602121070864e+02
-4.215180068109849003e+02
-4.219786535155018328e+02
-4.224075640654032782e+02
-4.229009965799314728e+02
-4.233215108704175691e+02
-4.237668063252743309e+02
-4.241725642638185150e+02
-4.246002660768259602e+02
-4.250921615604733006e+02
-4.254695237370036125e+02
-4.258841065354617399e+02
-4.263441775997220589e+02
-4.267684332970988521e+02
-4.271993095984286697e+02
-4.276430716195523019e+02
-4.280667755002617696e+02
-4.284754245770196803e+02
-4.288779945837685545e+02
-4.293265960811878585e+02
-4.296702674912369844e+02
-4.300807565291258925e+02
-4.305144035303748069e+02
-4.309392344503812069e+02
-4.313213373363945493e+02
-4.317301069887330982e+02
-4.321114183759903540e+02
-4.325698186073382772e+02
-4.329469414359198822e+02
-4.334013825239135258e+02
-4.338314733245020989e+02
-4.342328959145316958e+02
-4.346672371671595556e+02
-4.351028414859667350e+02
-4.355684519189247226e+02
-4.359879666149719242e+02
-4.364501588873733908e+02
-4.369021868989195241e+02
-4.373922157182404931e+02
-4.378362938606138073e+02
-4.383151865556540088e+02
-4.388135884260490798e+02
-4.392970771499686862e+02
-4.397794669193744994e+02
-4.402781542426952228e+02
-4.407729508564544290e+02
-4.412910432092328392e+02
-4.418342527493243779e+02
-4.423444292162171223e+02
-4.428868971640087580e+02
-4.434245501039259807e+02
-4.439854212877291388e+02
-4.445013210388933658e+02
-4.450880378619447129e+02
-4.456822818843369305e+02
-4.462292064507232681e+02
-4.468065297088580792e+02
-4.473625385033922157e+02
-4.479326914445899774e+02
-4.484703487735320095e+02
-4.490969160547028309e+02
-4.496582141214924491e+02
-4.502519802500082733e+02
-4.508303142349528798e+02
-4.514213217927272126e+02
-4.520088517679787969e+02
-4.526080480503375725e+02
-4.531940325565446983e+02
-4.537247010200965178e+02
-4.543119298932060133e+02
-4.548655196993497043e+02
-4.554553807820889233e+02
-4.559714001824933689e+02
-4.565742217852507565e+02
-4.572013330511318259e+02
-4.576902275287471298e+02
-4.582846944511118750e+02
-4.588148861069313966e+02
-4.593677358201385346e+02
-4.599628412344511048e+02
-4.605590344913134118e+02
-4.610858035733786551e+02
-4.616595990443621531e+02
-4.622622389781590755e+02
-4.628011848991963575e+02
-4.633881881182941811e+02
-4.639517795689233139e+02
-4.644784347402872413e+02
-4.651329126355670951e+02
-4.656929798711558988e+02
-4.663083679226839422e+02
-4.668285995557727119e+02
-4.674195149499818740e+02
-4.679342111594708626e+02
-4.685838202161461936e+02
-4.691755875664087512e+02
-4.696945951762058939e+02
-4.703004933923936619e+02
-4.708412910690675517e+02
-4.714563359872938122e+02
-4.719869296731889676e+02
-4.726633131401538321e+02
-4.732638421505545807e+02
-4.737797065985503195e+02
-4.745048906453217796e+02
-4.750981926772277575e+02
-4.757050124199320180e+02
-4.763435035309962586e+02
-4.770038926092107658e+02
-4.775947300518377574e+02
-4.782819380209003839e+02
-4.789158122034056646e+02
-4.795480961114312208e+02
-4.802764395830263311e+02
-4.808831270299737071e+02
-4.815530539191269099e+02
-4.822401609768728576e+02
-4.828757436071779239e+02
-4.835511032865144330e+02
-4.842302801833695867e+02
-4.849208223942296172e+02
-4.856223136451367850e+02
-4.862503010173854250e+02
-4.869341931331717888e+02
-4.876343130090967861e+02
-4.883259345241313554e+02
-4.889686624062684928e+02
-4.896813715643999672e+02
-4.903658730696025714e+02
-4.909974318278663645e+02
-4.917483221023306896e+02
-4.924097693537248119e+02
-4.930973960320976062e+02
-4.937373129517362713e+02
-4.944392074361951472e+02
-4.952318141007756367e+02
-4.958875160252098908e+02
-4.965736188971586671e+02
-4.973236494907571910e+02
-4.980602591549181284e+02
-4.988557920332041249e+02
-4.995559342764154849e+02
-5.003523907207945172e+02
-5.011013440772271110e+02
-5.019258524885780162e+02
-5.026852098703101888e+02
-5.034796265234243720e+02
-5.042445305968094544e+02
-5.050770131176261089e+02
-5.059875421201965082e+02
-5.068565728518065043e+02
-5.077577560971751041e+02
-5.087358575323438004e+02
-5.096579914569064158e+02
-5.106284676900863815e+02
-5.116450655017004010e+02
-5.127747727450417869e+02
-5.137269827059109275e+02
-5.149380977349160275e+02
-5.161959954385331457e+02
-5.173837454743998023e+02
-5.185422341995119950e+02
-5.200574232178065586e+02
-5.213493612709818308e+02
-5.226150385354758328e+02
-5.241791651387333104e+02
-5.256644002129640967e+02
-5.272443235435259794e+02
-5.287987975707853820e+02
-5.305786638955719354e+02
-5.322104283889655107e+02
-5.338905108000911923e+02
-5.358666469726898640e+02
-5.378319931759297106e+02
-5.396849828079143663e+02
-5.417334545514491992e+02
-5.437622628766440585e+02
-5.459420463992588566e+02
-5.481990855856491862e+02
-5.502674749609459468e+02
-5.525023722010199663e+02
-5.549356582974188541e+02
-5.574217856926427430e+02
-5.597250908807294536e+02
-5.622087222849356749e+02
-5.646934500111932493e+02
-5.672174833237052098e+02
-5.696838821314877350e+02
-5.721110661306731799e+02
-5.746610195109241204e+02
-5.773589881688235437e+02
-5.798676827766643100e+02
-5.824050434265938065e+02
-5.851369509638951740e+02
-5.876383436874958761e+02
-5.903888307748029547e+02
-5.929061112159992035e+02
-5.955823430445734630e+02
-5.980485993647603209e+02
-6.007002241274545895e+02
-6.030745058000234167e+02
-6.057457483998019825e+02
-6.083441786395304689e+02
-6.106998406554331495e+02
-6.132978050475113605e+02
-6.159007953660486692e+02
-6.179910521778886050e+02
-6.205195010245374760e+02
-6.227463235387764371e+02
-6.249386058257395007e+02
-6.272480319727471851e+02
-6.294014526342728004e+02
-6.314705736450401901e+02
-6.334165229346803017e+02
-6.355809686293702043e+02
-6.376284111069081746e+02
-6.393681842506650810e+02
-6.411962870752381605e+02
-6.429457116009288029e+02
-6.445925082900859024e+02
-6.461166102548158960e+02
-6.477786894021807029e+02
-6.493159377769903813e+02
-6.506610809418638155e+02
-6.521270260089164594e+02
-6.535436851187929506e+02
-6.546408857160712387e+02
-6.558690932694029243e+02
-6.570665135867357094e+02
-6.581675786915116078e+02
-6.594002161223647818e+02
-6.605725794485114193e+02
-6.615615649254355048e+02
-6.625991013056674319e+02
-6.635174809579071962e+02
-6.646063488224793900e+02
-6.655526516528864249e+02
-6.664903275668307288e+02
-6.674285730879694256e+02
-6.682802245941028332e+02
-6.691603565982499049e+02
-6.700807796116292820e+02
-6.710454069725408317e+02
-6.718421250889907697e+02
-6.727319841095815036e+02
-6.736024745743901576e+02
-6.743782032704950780e+02
-6.753043717975522213e+02
-6.760734915911996268e+02
-6.769738399406601275e+02
-6.779238963497787154e+02
-6.788206945892469548e+02
-6.796306212837516796e+02
-6.805397469286874639e+02
-6.813419615256105999e+02
-6.823492220765982665e+02
-6.831741711792852811e+02
-6.839787642843513140e+02
-6.848468701142076043e+02
-6.857586547279013303e+02
-6.865474061863656061e+02
-6.874237245363508464e+02
-6.883253874392448779e+02
-6.892471080689828113e+02
-6.901259498318438546e+02
-6.909600440549617133e+02
-6.918537278290048107e+02
-6.927871662525599277e+02
-6.937298128303563090e+02
-6.945026855583245151e+02
-6.953970575496355195e+02
-6.961973164411364223e+02
-6.970997706210793012e+02
-6.979187640842267228e+02
-6.987221603912909131e+02
-6.996149192539373871e+02
-7.003720404262359125e+02
-7.011588167657548638e+02
-7.019671501744625175e+02
-7.027925623439501805e+02
-7.035729436293170238e+02
-7.042897627577721096e+02
-7.050110046413107057e+02
-7.057666503480270421e+02
-7.064836333138982809e+02
-7.072391348785536138e+02
-7.078589565011244531e+02
-7.085916040529259590e+02
-7.092384723080813274e+02
-7.099825457791629333e+02
-7.106342389723591850e+02
-7.112550455769259088e+02
-7.118381207474586745e+02
-7.124804055477578686e+02
-7.131314167048909667e+02
-7.137283951551105474e+02
-7.143171359318582745e+02
-7.148983407135295920e+02
-7.154987013134502831e+02
-7.161098100296563871e+02
-7.166630859966769549e+02
-7.172437461232361784e+02
-7.178022383447060975e+02
-7.184002575062202141e+02
-7.189321885905775389e+02
-7.194597556481692209e+02
-7.200000000000000000e+02
-7.204889784284407597e+02
-7.210328969614120069e+02
-7.215452512283949318e+02
-7.221436452537417381e+02
-7.226368457746726790e+02
-7.231323168547022533e+02
-7.236401294830698134e+02
-7.241900676438359596e+02
-7.246598524746979137e+02
-7.251277725071538498e+02
-7.256171467106371438e+02
-7.261315720040100814e+02
-7.266437652454198997e+02
-7.271521873787111190e+02
-7.275895093615625910e+02
-7.281052484098906916e+02
-7.285869773766676190e+02
-7.291095827383235246e+02
-7.295621141811766392e+02
-7.300935978856354041e+02
-7.305580661908323918e+02
-7.310291115271693343e+02
-7.315493978893509848e+02
-7.320370943165158906e+02
-7.325504402599079867e+02
-7.330454483553536420e+02
-7.335441729430464193e+02
-7.339961540198330567e+02
-7.344907501778920960e+02
-7.349157928938828945e+02
-7.354199675849449704e+02
-7.358573415182490862e+02
-7.363368974066092960e+02
-7.368185649417509921e+02
-7.372940083774437880e+02
-7.377136160479702767e+02
-7.382101678347889901e+02
-7.387146029018631452e+02
-7.391581418357712892e+02
-7.396003077511902575e+02
-7.401283242555887227e+02
-7.406139911108858769e+02
-7.411232176269702450e+02
-7.415781322472296324e+02
-7.420831187762315722e+02
-7.425426689512605662e+02
-7.430253708123550496e+02
-7.434917933096678553e+02
-7.440295245793017784e+02
-7.445471099086774984e+02
-7.450322487177554649e+02
-7.455678020138052489e+02
-7.460452174437208441e+02
-7.465347527814633395e+02
-7.471031769361327406e+02
-7.476038682855488560e+02
-7.480751837298427063e+02
-7.486181943753174437e+02
-7.491946876078650348e+02
-7.496765481557915791e+02
-7.502161219231933273e+02
-7.507781702677040130e+02
-7.513299257927667441e+02
-7.518125984373955362e+02
-7.524073236793373098e+02
-7.528748780013584110e+02
-7.534604514882959165e+02
-7.539665152496557994e+02
-7.544905422055736608e+02
-7.549893773425006884e+02
-7.555004471237937196e+02
-7.559968362270554962e+02
-7.564949216795827169e+02
-7.570498707022733242e+02
-7.575389304914208424e+02
-7.580194821178927214e+02
-7.585308269646358212e+02
-7.590542935774717535e+02
-7.595148850518279460e+02
-7.600082300349299658e+02
-7.604687910784696214e+02
-7.609282692681684921e+02
-7.613975631938283186e+02
-7.618427537982446438e+02
-7.622709389631497743e+02
-7.627510396856985153e+02
-7.631406021511830886e+02
-7.635609019194469056e+02
-7.639718981406557532e+02
-7.643743362642821921e+02
-7.647465656626969803e+02
-7.651217395704553610e+02
-7.655188896156157625e+02
-7.658919510390392134e+02
-7.662152263444730806e+02
-7.666088527142976545e+02
-7.669238716283499571e+02
-7.672664458382942030e+02
-7.675973957931469158e+02
-7.679045247068131630e+02
-7.682564073144490067e+02
-7.685934469489882304e+02
-7.688775689645040075e+02
-7.692168260979258321e+02
-7.695231988792660331e+02
-7.698332502200937597e+02
-7.701195270369711352e+02
-7.704246477335071859e+02
-7.707529554151669799e+02
-7.710556817597951067e+02
-7.713885354071509255e+02
-7.717050409788701018e+02
-7.720114602402354649e+02
-7.723135603080701230e+02
-7.726122583737583227e+02
-7.729678702471394445e+02
-7.733215513748193644e+02
-7.737239373329181262e+02
-7.740846340617413261e+02
-7.744760371923464390e+02
-7.748081802097282207e+02
-7.752219750799579288e+02
-7.756241743091891294e+02
-7.760411483272334863e+02
-7.764333075327908773e+02
-7.767967080279047423e+02
-7.772703748981226681e+02
-7.777396275319064216e+02
-7.781740365624997366e+02
-7.785866002299517277e+02
-7.790632805059948396e+02
-7.795877153407886908e+02
-7.800343512251580478e+02
-7.805078877169727321e+02
-7.810242511481674228e+02
-7.815319588380729101e+02
-7.819769310808268301e+02
-7.824503210980641370e+02
-7.830212162194474104e+02
-7.835190877775232821e+02
-7.839505460997720547e+02
-7.845144607825313869e+02
-7.849686911216454064e+02
-7.854821148994910800e+02
-7.859327975123705983e+02
-7.864592751897657763e+02
-7.868929933886099661e+02
-7.874650262356758503e+02
-7.878818024424149371e+02
-7.883807587462074480e+02
-7.888130691072377658e+02
-7.893030804057254954e+02
-7.897474319812977228e+02
-7.901893343242026049e+02
-7.906097096680564391e+02
-7.910829606382634438e+02
-7.914696652003101462e+02
-7.919388291778816438e+02
-7.923100449589571781e+02
-7.927377276666614989e+02
-7.931593371404538857e+02
-7.935301679295799886e+02
-7.939270476148558373e+02
-7.942669432739144213e+02
-7.946281769054322695e+02
-7.950155283607507499e+02
-7.953897134852185218e+02
-7.956980947200473793e+02
-7.960866508156594819e+02
-7.963897803317425996e+02
-7.967876569029126586e+02
-7.970916175904451393e+02
-7.974605275884318871e+02
-7.978194146071188015e+02
-7.981316351123073218e+02
-7.985199869623477298e+02
-7.988237604919231671e+02
-7.992156568723488590e+02
-7.996139198748209083e+02
-8.000014499927891620e+02
-8.003553284795173113e+02
-8.007373496352803386e+02
-8.011550749755133438e+02
-8.015159657805941151e+02
-8.019670725328214758e+02
-8.024190670487374746e+02
-8.029051420169180346e+02
-8.034283315546139193e+02
-8.038695503953040316e+02
-8.043334544484297339e+02
-8.048992019856020761e+02
-8.054314905591712659e+02
-8.059392796909498884e+02
-8.064983818646413738e+02
-8.070863720314348484e+02
-8.077253016852546352e+02
-8.083199257772283772e+02
-8.089617437805020472e+02
-8.095751168734950625e+02
-8.102532710435323224e+02
-8.109501160412203262e+02
-8.116176787659129559e+02
-8.123349581960560499e+02
-8.130463095707233379e+02
-8.137726900880704761e+02
-8.145076942987655002e+02
-8.153108087606660774e+02
-8.160240307632207077e+02
-8.168335646161826844e+02
-8.176379516486731518e+02
-8.184006861514191087e+02
-8.191995372518800878e+02
-8.200007902009631380e+02
-8.208322057301041923e+02
-8.216496106096119547e+02
-8.223894709804393415e+02
-8.232069879073474112e+02
-8.240400070300053130e+02
-8.248058074551497612e+02
-8.256017642563367644e+02
-8.264012430659100801e+02
-8.271115123259096436e+02
-8.279330644868907711e+02
-8.287505142258935393e+02
-8.295178119597333080e+02
-8.302748843220366552e+02
-8.310229126989441966e+02
-8.317581041994811812e+02
-8.324820217943594116e+02
-8.332128148533292915e+02
-8.338529953258332625e+02
-8.346474924799061910e+02
-8.353083534340645429e+02
-8.360185237134203362e+02
-8.367004613332837835e+02
-8.374149283213300805e+02
-8.380758117509149088e+02
-8.387788651666604665e+02
-8.394438197711905332e+02
-8.401575063573790203e+02
-8.407615100489936140e+02
-8.413976279060073011e+02
-8.421185574654078891e+02
-8.427991943474339678e+02
-8.434478756648342141e+02
-8.441435613188003799e+02
-8.448163500969719735e+02
-8.454472035863702786e+02
-8.460861840985616027e+02
-8.467760275407298423e+02
-8.475032335232380092e+02
-8.481389638489421259e+02
-8.488547627012400199e+02
-8.495640823678591005e+02
-8.502619258155457374e+02
-8.509281582631844003e+02
-8.516714696893218388e+02
-8.523658207858280775e+02
-8.531354139139153858e+02
-8.538173297881932058e+02
-8.545606606861022101e+02
-8.553587284458537852e+02
-8.561932751149134901e+02
-8.569448799455327617e+02
-8.577529924577096381e+02
-8.584945097482680012e+02
-8.592907550616866956e+02
-8.601455636928294552e+02
-8.609665757236775789e+02
-8.617279625404256649e+02
-8.626663553893008611e+02
-8.635477009505250408e+02
-8.643280568271395623e+02
-8.652775189950266395e+02
-8.661716020955071826e+02
-8.670372131421218000e+02
-8.681135137750815147e+02
-8.690976742224827376e+02
-8.699506616144474265e+02
-8.710846236497992550e+02
-8.719692223193145537e+02
-8.731132490282680010e+02
-8.740675283446037156e+02
-8.751542593295196184e+02
-8.762455680915065841e+02
-8.774101784556338544e+02
-8.784978686236346448e+02
-8.796239409733341290e+02
-8.808559660703851932e+02
-8.819734888789575962e+02
-8.833118630137345235e+02
-8.845809261812661362e+02
-8.858470778248621400e+02
-8.871414450736948538e+02
-8.884331936592730017e+02
-8.897336157321966539e+02
-8.911852523401001918e+02
-8.925310933634025332e+02
-8.939003474235163367e+02
-8.953391236199770447e+02
-8.966332773592853300e+02
-8.982691656032765195e+02
-8.996477753383016989e+02
-9.011232207914009678e+02
-9.025359804559241184e+02
-9.040065504535922400e+02
-9.055273012452986450e+02
-9.069556882465525405e+02
-9.084561525407722229e+02
-9.100564494174734591e+02
-9.113725144023400162e+02
-9.128584297736334747e+02
-9.143153655656192313e+02
-9.157894465806153903e+02
-9.172698441278582777e+02
-9.185948027422045925e+02
-9.199775947441931976e+02
-9.214027771643012557e+02
-9.227660493732888654e+02
-9.241444607443980885e+02
-9.255085082741022688e+02
-9.267977839033952705e+02
-9.280915471549786844e+02
-9.294003405176553088e+02
-9.306986836331833501e+02
-9.319556845487446708e+02
-9.331640978404160478e+02
-9.344713756991188802e+02
-9.356650719543181367e+02
-9.369463123504879150e+02
-9.381149747474364631e+02
-9.394035676413299143e+02
-9.405347517191408997e+02
-9.417540995035244578e+02
-9.428466966172777575e+02
-9.441261731714317875e+02
-9.452707045533259134e+02
-9.464441852629597633e+02
-9.475346958998967466e+02
-9.488473867955852938e+02
-9.499833588308833896e+02
-9.512527786847133484e+02
-9.524910916418411944e+02
-9.536310651637742239e+02
-9.547982596606468633e+02
-9.560550007881929560e+02
-9.572202953570246109e+02
-9.583841439387841774e+02
-9.596996578161209754e+02
-9.608972684496690135e+02
-9.622051659504654708e+02
-9.633537889687886491e+02
-9.644760610611117500e+02
-9.657039896033354580e+02
-9.668703581282112509e+02
-9.680336872539913884e+02
-9.692846472207421584e+02
-9.705025570938877308e+02
-9.714978244418716713e+02
-9.727495824749400981e+02
-9.738767758275628239e+02
-9.749624043682283627e+02
-9.759712773657912521e+02
-9.770892268877039442e+02
-9.781905633063497589e+02
-9.792042441079393029e+02
-9.802096093171883240e+02
-9.812292326094870987e+02
-9.821849197229057609e+02
-9.831478682993136999e+02
-9.841345512812289371e+02
-9.850084643664746409e+02
-9.859083825343664103e+02
-9.868072359025898095e+02
-9.876760548095659260e+02
-9.884418001298195122e+02
-9.892969779164616284e+02
-9.900668996987539003e+02
-9.908921410267179226e+02
-9.916393622376197072e+02
-9.924855016282042470e+02
-9.931074404339743751e+02
-9.938084468491698544e+02
-9.945793669370845009e+02
-9.952525211636906306e+02
-9.959052839548022575e+02
-9.966345612098239144e+02
-9.971486211635987047e+02
-9.978606328212098333e+02
-9.985282168749400853e+02
-9.991825257842261863e+02
-9.998048779441677425e+02
-1.000482646276951073e+03
-1.001149612087448077e+03
-1.001750702432353592e+03
-1.002372199894060714e+03
-1.003005813711252131e+03
-1.003731648341896175e+03
-1.004352100977931627e+03
-1.005001046486759833e+03
-1.005660355332632093e+03
-1.006396964082440945e+03
-1.007018346058929410e+03
-1.007674173505751241e+03
-1.008369639979753401e+03
-1.009059089493100146e+03
-1.009753553743861630e+03
-1.010432573500260446e+03
-1.011204468599883853e+03
-1.011891496854987054e+03
-1.012631569693099436e+03
-1.013255764486860016e+03
-1.014035335119292426e+03
-1.014705502022551059e+03
-1.015467645447098334e+03
-1.016138484048830719e+03
-1.016869480415893918e+03
-1.017535618867072003e+03
-1.018245571899184029e+03
-1.018975334140893779e+03
-1.019619744354808859e+03
-1.020302682585277694e+03
-1.020981064474923301e+03
-1.021611277794193597e+03
-1.022234466723766218e+03
-1.022948054346823596e+03
-1.023560869871476370e+03
-1.024141182379238671e+03
-1.024738022461389846e+03
-1.025300534649187966e+03
-1.025894142339972632e+03
-1.026481433853506587e+03
-1.027020837986543711e+03
-1.027545556918782722e+03
-1.028068884923450696e+03
-1.028605825344877303e+03
-1.029166843527119909e+03
-1.029571103143322489e+03
-1.029999714772530524e+03
-1.030506316233016605e+03
-1.030965799144925313e+03
-1.031430451281540854e+03
-1.031842251152730341e+03
-1.032245116393400167e+03
-1.032607016639475432e+03
-1.033078212163063426e+03
-1.033470100278426116e+03
-1.033799178351612682e+03
-1.034200226345456258e+03
-1.034610895169116930e+03
-1.034986577953244478e+03
-1.035324873623650774e+03
-1.035656079246765785e+03
-1.036100790157917118e+03
-1.036429371555610487e+03
-1.036822977094630460e+03
-1.037193928132880728e+03
-1.037606254287907859e+03
-1.037934498409808384e+03
-1.038327435162168285e+03
-1.038666926136122356e+03
-1.039116415918683060e+03
-1.039521235628651084e+03
-1.039914714066815577e+03
-1.040329316171650134e+03
-1.040760702286071364e+03
-1.041200182489515100e+03
-1.041612770598934276e+03
-1.042085453650843647e+03
-1.042530120809196205e+03
-1.042953275961369627e+03
-1.043455405757089693e+03
-1.043938183747539824e+03
-1.044424655914949881e+03
-1.044883956843217447e+03
-1.045382556232321122e+03
-1.045872402763992568e+03
-1.046353002192032136e+03
-1.046831770579439990e+03
-1.047367663518033851e+03
-1.047861330834715545e+03
-1.048348249267802203e+03
-1.048891853413591207e+03
-1.049415558932031445e+03
-1.049918138304809418e+03
-1.050394545909599856e+03
-1.050937808560133135e+03
-1.051432950977822657e+03
-1.051949211173373214e+03
-1.052457958426468849e+03
-1.052907304963211118e+03
-1.053387000084948113e+03
-1.053895996578899485e+03
-1.054354083426509760e+03
-1.054807270377106079e+03
-1.055256449466415461e+03
-1.055739139590409195e+03
-1.056158919017805601e+03
-1.056589397612664243e+03
-1.056970494948691112e+03
-1.057436922527445631e+03
-1.057820783145957876e+03
-1.058197292496396585e+03
-1.058584108268061073e+03
-1.058938663560610394e+03
-1.059321016988046495e+03
-1.059668666552787499e+03
-1.059961019731412762e+03
-1.060328043889845731e+03
-1.060649862874616701e+03
-1.060973836439542765e+03
-1.061308232377206195e+03
-1.061604340613577506e+03
-1.061877975393151473e+03
-1.062182401096829835e+03
-1.062483428153219620e+03
-1.062767362716193020e+03
-1.063079413247418188e+03
-1.063366317163267695e+03
-1.063656230275480993e+03
-1.063965020887121682e+03
-1.064274263551764079e+03
-1.064545992853589041e+03
-1.064853915562046041e+03
-1.065127900374617184e+03
-1.065499212887540807e+03
-1.065792089754459312e+03
-1.066142158442244863e+03
-1.066475884846201552e+03
-1.066847391873636298e+03
-1.067265119717805419e+03
-1.067591265181452854e+03
-1.067989584718616015e+03
-1.068361538334982924e+03
-1.068738555155201766e+03
-1.069177176128161818e+03
-1.069519116375886597e+03
-1.069936250238798266e+03
-1.070323211105472865e+03
-1.070723430379389356e+03
-1.071086385690371571e+03
-1.071468790132428694e+03
-1.071861815317984792e+03
-1.072204812366842816e+03
-1.072598862280277217e+03
-1.072969666406755550e+03
-1.073321895654795071e+03
-1.073665818163637823e+03
-1.074040780342085782e+03
-1.074410944967585920e+03
-1.074778598570602071e+03
-1.075108330539045483e+03
-1.075494467280242134e+03
-1.075829361483448110e+03
-1.076192090334232716e+03
-1.076521052525976074e+03
-1.076873580957448212e+03
-1.077197481805133293e+03
-1.077582591347067819e+03
-1.077910890311673711e+03
-1.078263223640690740e+03
-1.078557888098701369e+03
-1.078889853649986890e+03
-1.079239037462421948e+03
-1.079560550915613248e+03
-1.079888571301493130e+03
-1.080249947820083889e+03
-1.080567434002905202e+03
-1.080891061385181729e+03
-1.081197489586770189e+03
-1.081531564245757636e+03
-1.081848260802085406e+03
-1.082186386214105369e+03
-1.082464947782337276e+03
-1.082781127452223700e+03
-1.083091787747264334e+03
-1.083360128419894636e+03
-1.083674036596399446e+03
-1.083992714848845026e+03
-1.084278325900733989e+03
-1.084564379929482584e+03
-1.084885089545281517e+03
-1.085192900438730703e+03
-1.085516399613308749e+03
-1.085805415679579028e+03
-1.086113952433473060e+03
-1.086432470307859376e+03
-1.086706094951906834e+03
-1.087024687446742064e+03
-1.087332426753233904e+03
-1.087605355144098212e+03
-1.087978894239543706e+03
-1.088286084795620354e+03
-1.088548622223966504e+03
-1.088889104888178963e+03
-1.089175452526662411e+03
-1.089503363226415104e+03
-1.089849906537870766e+03
-1.090165196081355589e+03
-1.090473864467321391e+03
-1.090789046034639341e+03
-1.091097758904368902e+03
-1.091347078453496579e+03
-1.091647819609060889e+03
-1.091968137932215086e+03
-1.092284418982777424e+03
-1.092571783957982234e+03
-1.092858614056021679e+03
-1.093142074530239142e+03
-1.093445132431988441e+03
-1.093743910823550550e+03
-1.094026333193516393e+03
-1.094294979487552155e+03
-1.094592124187852960e+03
-1.094878096830314689e+03
-1.095142139535802698e+03
-1.095465527708035324e+03
-1.095750955814555482e+03
-1.095996420644440605e+03
-1.096247915154697466e+03
-1.096508603252764715e+03
-1.096802837976051251e+03
-1.097098377425779972e+03
-1.097343870048545341e+03
-1.097590760037262726e+03
-1.097880015399534159e+03
-1.098161301935425627e+03
-1.098419593177683510e+03
-1.098668932474472513e+03
-1.098959121088030088e+03
-1.099217227868789223e+03
-1.099490850123721202e+03
-1.099769004563007002e+03
-1.100081599088362282e+03
-1.100335678285487347e+03
-1.100620853015370358e+03
-1.100902734028225268e+03
-1.101205741439899839e+03
-1.101487803963168290e+03
-1.101771649582291502e+03
-1.102107461550756170e+03
-1.102385325643695523e+03
-1.102721977595834005e+03
-1.103077067201259752e+03
-1.103377848276050827e+03
-1.103708575013477912e+03
-1.104078709789851246e+03
-1.104418921699107386e+03
-1.104775098711500959e+03
-1.105151476420957124e+03
-1.105512969857386679e+03
-1.105884105458976137e+03
-1.106293141044449385e+03
-1.106641537971323032e+03
-1.107028630270963959e+03
-1.107434539229605662e+03
-1.107841797523881496e+03
-1.108248030161837278e+03
-1.108658923660987284e+03
-1.109082199979428196e+03
-1.109462136725039272e+03
-1.109920794167705481e+03
-1.110300860091327195e+03
-1.110754581755800473e+03
-1.111164283442536544e+03
-1.111591481429556097e+03
-1.111995807367677799e+03
-1.112417652436375420e+03
-1.112801965731344353e+03
-1.113191217563529108e+03
-1.113509813804841997e+03
-1.113932895969844594e+03
-1.114267725599121377e+03
-1.114650383932958903e+03
-1.114999977620774644e+03
-1.115331710797734786e+03
-1.115655398024297710e+03
-1.115968825259974665e+03
-1.116288548736270968e+03
-1.116629796185061878e+03
-1.116923856185577051e+03
-1.117191463860729073e+03
-1.117440926605907407e+03
-1.117697775370304726e+03
-1.117943339005820462e+03
-1.118181997391081495e+03
-1.118402088552414853e+03
-1.118606615033378148e+03
-1.118792085914394420e+03
-1.118961440551898704e+03
-1.119076686079528599e+03
-1.119276190612326900e+03
-1.119436405048193592e+03
-1.119579452059859022e+03
-1.119755770612259766e+03
-1.119877272030155382e+03
-1.120044211912830178e+03
-1.120196871033467914e+03
-1.120308695062029301e+03
-1.120461536235769927e+03
-1.120535824426080353e+03
-1.120629914038508559e+03
-1.120762274478977361e+03
-1.120904816840708008e+03
-1.121026355697295230e+03
-1.121156305954564914e+03
-1.121306362242180739e+03
-1.121383065860026591e+03
-1.121520609285044657e+03
-1.121670657733387770e+03
-1.121815886609660538e+03
-1.121965015322590716e+03
-1.122113526522974553e+03
-1.122281889743067723e+03
-1.122426131772249846e+03
-1.122572628096206472e+03
-1.122841353707354301e+03
-1.123055510061460609e+03
-1.123196409928609910e+03
-1.123384019517627166e+03
-1.123657066427770587e+03
-1.123906078195106602e+03
-1.124078726100103268e+03
-1.124402332515732496e+03
-1.124650484439750016e+03
-1.124900877971470891e+03
-1.125213327688611571e+03
-1.125482915207860970e+03
-1.125809308030124384e+03
-1.126123201025920253e+03
-1.126428924962892097e+03
-1.126794194066294949e+03
-1.127106335624614758e+03
-1.127353966244578032e+03
-1.127703114615679624e+03
-1.128043385787969100e+03
-1.128398187144103531e+03
-1.128703696386938418e+03
-1.129080718022504243e+03
-1.129428982344250699e+03
-1.129866010720159920e+03
-1.130164508744761633e+03
-1.130488162370001874e+03
-1.130797926459351629e+03
-1.131200471189286418e+03
-1.131537824518149137e+03
-1.131758380085932004e+03
-1.132161663526586608e+03
-1.132499661429769276e+03
-1.132863071981219946e+03
-1.132944495715551739e+03
-1.133296136781442101e+03
-1.133456836978146384e+03
-1.133799557989122377e+03
-1.133921396178291388e+03
-1.134125306584867985e+03
-1.134340710298422891e+03
-1.134537179393794077e+03
-1.134705793186293477e+03
-1.134832460854868486e+03
-1.134907930745325075e+03
-1.134989405378036736e+03
-1.135117796393023582e+03
-1.135088288170903752e+03
-1.135264793351513163e+03
-1.135187159424763195e+03
-1.135233658962647723e+03
-1.135135545009728958e+03
-1.135108045070801836e+03
-1.135027707534912679e+03
-1.134836037584822634e+03
-1.134733120080697972e+03
-1.134422662557085459e+03
-1.134244899293335493e+03
-1.134034313380858521e+03
-1.133751055213284644e+03
-1.133504532959383369e+03
-1.133167911135652957e+03
-1.132626787964124560e+03
-1.132179804828712804e+03
-1.131741699764574150e+03
-1.131202167915786049e+03
-1.130533802646216827e+03
-1.129871745241383451e+03
-1.128952584703939237e+03
-1.128195679834924022e+03
-1.127313126114412853e+03
-1.126397413687772769e+03
-1.125069812286102888e+03
-1.124136171731815693e+03
-1.122857676351458849e+03
-1.121306905683265995e+03
-1.119846504229190487e+03
-1.118186247787659795e+03
-1.116553792323510379e+03
-1.114608392314213688e+03
-1.112705067566236721e+03
-1.110353390955544683e+03
-1.108120404826252980e+03
-1.105706730197856587e+03
-1.102886535574449908e+03
-1.100195815022196712e+03
-1.097345317499695966e+03
-1.094578309533394304e+03
-1.091697647312970275e+03
-1.088632066791681837e+03
-1.085507807279106373e+03
-1.082340828656065014e+03
-1.079367612233881573e+03
-1.076514349202895346e+03
-1.073486581474407785e+03
-1.071023456434177660e+03
-1.068089403268766773e+03
-1.065521044055444463e+03
-1.063229020074355503e+03
-1.060672110754339428e+03
-1.058442149997366187e+03
-1.056147204869524785e+03
-1.054390428264577167e+03
-1.052466059424439436e+03
-1.050979191848895653e+03
-1.049245445397851427e+03
-1.047659607871623848e+03
-1.046232717328465924e+03
-1.045008100287098387e+03
-1.043737639727666647e+03
-1.042689427666211714e+03
-1.041555625682158279e+03
-1.040652294264836428e+03
-1.039763165397090688e+03
-1.038820418766587409e+03
-1.038094421435975164e+03
-1.037380301842743393e+03
-1.036708135618370079e+03
-1.036039257476300236e+03
-1.035487451606768900e+03
-1.035023163738445874e+03
-1.034590168938706938e+03
-1.034081294079134750e+03
-1.033818898390236882e+03
-1.033408918261263125e+03
-1.033072093357218137e+03
-1.032877734413067401e+03
-1.032629932975075462e+03
-1.032504910706555620e+03
-1.032327503049709776e+03
-1.032254357722774103e+03
-1.032152450742171823e+03
-1.032167340327866441e+03
-1.032117269426292523e+03
-1.032115496797795913e+03
-1.032183903670110567e+03
-1.032335954758019852e+03
-1.032371466631822614e+03
-1.032530772340348904e+03
-1.032702980128125773e+03
-1.032903535184860630e+03
-1.033156869604669055e+03
-1.033436002992451222e+03
-1.033704733011214103e+03
-1.034044923037060926e+03
-1.034344010303389041e+03
-1.034704836183376983e+03
-1.035081235518315452e+03
-1.035458074319765956e+03
-1.035917819424073286e+03
-1.036421602559658822e+03
-1.036882428790058839e+03
-1.037333967181248909e+03
-1.037879488134970870e+03
-1.038429115662203003e+03
-1.038902409425129008e+03
-1.039500876827238244e+03
-1.040085310817101345e+03
-1.040702074672344679e+03
-1.041341746073944478e+03
-1.041933857880985215e+03
-1.042591633669583416e+03
-1.043210497993834679e+03
-1.043904591803702260e+03
-1.044519219023746928e+03
-1.045176205483540116e+03
-1.045861865582961173e+03
-1.046470398188066611e+03
-1.047108756835325266e+03
-1.047773912200428185e+03
-1.048385453005381123e+03
-1.049049949143147614e+03
-1.049658989905869703e+03
-1.050290312747661801e+03
-1.050938567956522547e+03
-1.051547258987344776e+03
-1.052144087600707053e+03
-1.052763347989011663e+03
-1.053349664636974694e+03
-1.053924791116306778e+03
-1.054511807691021431e+03
-1.055072358641594292e+03
-1.055622499117727557e+03
