-1.136666666667234267e+03
-1.126695906433311166e+03
-1.116725146199388064e+03
-1.106754385965464962e+03
-1.096783625731541861e+03
-1.086812865497618759e+03
-1.076842105263695657e+03
-1.066871345029772556e+03
-1.056900584795849227e+03
-1.046929824561926125e+03
-1.036959064328003024e+03
-1.026988304094079922e+03
-1.017017543860156934e+03
-1.007046783626233832e+03
-9.970760233923107307e+02
-9.871052631583876291e+02
-9.771345029244645275e+02
-9.671637426905414259e+02
-9.571929824566182106e+02
-9.472222222226951089e+02
-9.372514619887720073e+02
-9.272807017548489057e+02
-9.173099415209258041e+02
-9.073391812870027024e+02
-8.973684210530796008e+02
-8.873976608191564992e+02
-8.774269005852333976e+02
-8.674561403513102960e+02
-8.574853801173871943e+02
-8.475146198834640927e+02
-8.375438596495409911e+02
-8.275730994156178895e+02
-8.176023391816947878e+02
-8.076315789477716862e+02
-7.976608187138485846e+02
-7.876900584799254830e+02
-7.777192982460023813e+02
-7.677485380120792797e+02
-7.577777777781561781e+02
-7.478070175442330765e+02
-7.378362573103098612e+02
-7.278654970763867595e+02
-7.178947368424636579e+02
-7.079239766085405563e+02
-6.979532163746174547e+02
-6.879824561406943531e+02
-6.780116959067712514e+02
-6.680409356728481498e+02
-6.580701754389250482e+02
-6.480994152050019466e+02
-6.381286549710788449e+02
-6.281578947371557433e+02
-6.181871345032326417e+02
-6.082163742693095401e+02
-5.982456140353864384e+02
-5.882748538014633368e+02
-5.783040935675402352e+02
-5.683333333336171336e+02
-5.583625730996940320e+02
-5.483918128657709303e+02
-5.384210526318478287e+02
-5.284502923979246134e+02
-5.184795321640015118e+02
-5.085087719300784670e+02
-4.985380116961553654e+02
-4.885672514622322637e+02
-4.785964912283091053e+02
-4.686257309943860037e+02
-4.586549707604629020e+02
-4.486842105265398004e+02
-4.387134502926166988e+02
-4.287426900586935972e+02
-4.187719298247704955e+02
-4.088011695908473939e+02
-3.988304093569242923e+02
-3.888596491230011907e+02
-3.788888888890780891e+02
-3.689181286551549306e+02
-3.589473684212318290e+02
-3.489766081873087273e+02
-3.390058479533856257e+02
-3.290350877194625241e+02
-3.190643274855394225e+02
-3.090935672516163208e+02
-2.991228070176932192e+02
-2.891520467837701176e+02
-2.791812865498470160e+02
-2.692105263159239144e+02
-2.592397660820007559e+02
-2.492690058480776827e+02
-2.392982456141545526e+02
-2.293274853802314510e+02
-2.193567251463083494e+02
-2.093859649123852478e+02
-1.994152046784621461e+02
-1.894444444445390445e+02
-1.794736842106159145e+02
-1.695029239766928129e+02
-1.595321637427697112e+02
-1.495614035088466096e+02
-1.395906432749235080e+02
-1.296198830410003779e+02
-1.196491228070772763e+02
-1.096783625731541747e+02
-9.970760233923107307e+01
-8.973684210530795724e+01
-7.976608187138485562e+01
-6.979532163746175399e+01
-5.982456140353863816e+01
-4.985380116961553654e+01
-3.988304093569242781e+01
-2.991228070176931908e+01
-1.994152046784621390e+01
-9.970760233923106952e+00
0.000000000000000000e+00
9.970760233923106952e+00
1.994152046784621390e+01
2.991228070176931908e+01
3.988304093569242781e+01
4.985380116961553654e+01
5.982456140353863816e+01
6.979532163746175399e+01
7.976608187138485562e+01
8.973684210530795724e+01
9.970760233923107307e+01
1.096783625731541747e+02
1.196491228070772763e+02
1.296198830410003779e+02
1.395906432749235080e+02
1.495614035088466096e+02
1.595321637427697112e+02
1.695029239766928129e+02
1.794736842106159145e+02
1.894444444445390445e+02
1.994152046784621461e+02
2.093859649123852478e+02
2.193567251463083494e+02
2.293274853802314510e+02
2.392982456141545526e+02
2.492690058480776827e+02
2.592397660820007559e+02
2.692105263159239144e+02
2.791812865498470160e+02
2.891520467837701176e+02
2.991228070176932192e+02
3.090935672516163208e+02
3.190643274855394225e+02
3.290350877194625241e+02
3.390058479533856257e+02
3.489766081873087273e+02
3.589473684212318290e+02
3.689181286551549306e+02
3.788888888890780891e+02
3.888596491230011907e+02
3.988304093569242923e+02
4.088011695908473939e+02
4.187719298247704955e+02
4.287426900586935972e+02
4.387134502926166988e+02
4.486842105265398004e+02
4.586549707604629020e+02
4.686257309943860037e+02
4.785964912283091053e+02
4.885672514622322637e+02
4.985380116961553654e+02
5.085087719300784670e+02
5.184795321640015118e+02
5.284502923979246134e+02
5.384210526318478287e+02
5.483918128657709303e+02
5.583625730996940320e+02
5.683333333336171336e+02
5.783040935675402352e+02
5.882748538014633368e+02
5.982456140353864384e+02
6.082163742693095401e+02
6.181871345032326417e+02
6.281578947371557433e+02
6.381286549710788449e+02
6.480994152050019466e+02
6.580701754389250482e+02
6.680409356728481498e+02
6.780116959067712514e+02
6.879824561406943531e+02
6.979532163746174547e+02
7.079239766085405563e+02
7.178947368424636579e+02
7.278654970763867595e+02
7.378362573103098612e+02
7.478070175442330765e+02
7.577777777781561781e+02
7.677485380120792797e+02
7.777192982460023813e+02
7.876900584799254830e+02
7.976608187138485846e+02
8.076315789477716862e+02
8.176023391816947878e+02
8.275730994156178895e+02
8.375438596495409911e+02
8.475146198834640927e+02
8.574853801173871943e+02
8.674561403513102960e+02
8.774269005852333976e+02
8.873976608191564992e+02
8.973684210530796008e+02
9.073391812870027024e+02
9.173099415209258041e+02
9.272807017548489057e+02
9.372514619887720073e+02
9.472222222226951089e+02
9.571929824566182106e+02
9.671637426905414259e+02
9.771345029244645275e+02
9.871052631583876291e+02
9.970760233923107307e+02
1.007046783626233832e+03
1.017017543860156934e+03
1.026988304094079922e+03
1.036959064328003024e+03
1.046929824561926125e+03
1.056900584795849227e+03
1.066871345029772556e+03
1.076842105263695657e+03
1.086812865497618759e+03
1.096783625731541861e+03
1.106754385965464962e+03
1.116725146199388064e+03
1.126695906433311166e+03
