-4.949494949495013429e+02
-4.848484848484911254e+02
-4.747474747474809078e+02
-4.646464646464706902e+02
-4.545454545454604158e+02
-4.444444444444501983e+02
-4.343434343434399807e+02
-4.242424242424297063e+02
-4.141414141414194887e+02
-4.040404040404092711e+02
-3.939393939393990536e+02
-3.838383838383888360e+02
-3.737373737373785616e+02
-3.636363636363683440e+02
-3.535353535353581265e+02
-3.434343434343478521e+02
-3.333333333333376345e+02
-3.232323232323274169e+02
-3.131313131313171993e+02
-3.030303030303069818e+02
-2.929292929292967074e+02
-2.828282828282864898e+02
-2.727272727272762722e+02
-2.626262626262659978e+02
-2.525252525252557803e+02
-2.424242424242455627e+02
-2.323232323232353451e+02
-2.222222222222250991e+02
-2.121212121212148531e+02
-2.020202020202046356e+02
-1.919191919191944180e+02
-1.818181818181841720e+02
-1.717171717171739260e+02
-1.616161616161637085e+02
-1.515151515151534909e+02
-1.414141414141432449e+02
-1.313131313131329989e+02
-1.212121212121227813e+02
-1.111111111111125496e+02
-1.010101010101023178e+02
-9.090909090909208601e+01
-8.080808080808185423e+01
-7.070707070707162245e+01
-6.060606060606139067e+01
-5.050505050505115889e+01
-4.040404040404092711e+01
-3.030303030303069534e+01
-2.020202020202046356e+01
-1.010101010101023178e+01
0.000000000000000000e+00
1.010101010101023178e+01
2.020202020202046356e+01
3.030303030303069534e+01
4.040404040404092711e+01
5.050505050505115889e+01
6.060606060606139067e+01
7.070707070707162245e+01
8.080808080808185423e+01
9.090909090909208601e+01
1.010101010101023178e+02
1.111111111111125496e+02
1.212121212121227813e+02
1.313131313131329989e+02
1.414141414141432449e+02
1.515151515151534909e+02
1.616161616161637085e+02
1.717171717171739260e+02
1.818181818181841720e+02
1.919191919191944180e+02
2.020202020202046356e+02
2.121212121212148531e+02
2.222222222222250991e+02
2.323232323232353451e+02
2.424242424242455627e+02
2.525252525252557803e+02
2.626262626262659978e+02
2.727272727272762722e+02
2.828282828282864898e+02
2.929292929292967074e+02
3.030303030303069818e+02
3.131313131313171993e+02
3.232323232323274169e+02
3.333333333333376345e+02
3.434343434343478521e+02
3.535353535353581265e+02
3.636363636363683440e+02
3.737373737373785616e+02
3.838383838383888360e+02
3.939393939393990536e+02
4.040404040404092711e+02
4.141414141414194887e+02
4.242424242424297063e+02
4.343434343434399807e+02
4.444444444444501983e+02
4.545454545454604158e+02
4.646464646464706902e+02
4.747474747474809078e+02
4.848484848484911254e+02
4.949494949495013429e+02
