-4.317842190749672682e+01
-4.237831919981627493e+01
-4.126076417041698363e+01
-4.059485428458454948e+01
-4.052301093270931176e+01
-4.188085339880342417e+01
-4.563827143569095313e+01
-4.374863820162452299e+01
-4.194507540367418841e+01
-4.217557168620203356e+01
-4.288084681778859419e+01
-4.308403338043767405e+01
-4.417744782159958561e+01
-4.596864203094507673e+01
-4.477866834957286812e+01
-4.318130563667011756e+01
-4.101700434888542901e+01
-4.001999486221573932e+01
-4.027774348678362060e+01
-4.126203447987764150e+01
-4.290422706018445353e+01
-4.359806760371135681e+01
-4.289859824390117637e+01
-4.249672886483875089e+01
-4.218034638142576398e+01
-4.172920812944997238e+01
-4.204162320059921853e+01
-4.319178744005041892e+01
-4.361118932997612774e+01
-4.236310814857431950e+01
-4.102406680860096344e+01
-4.098806880731410729e+01
-4.183812452237275181e+01
-4.201047819344434231e+01
-4.243490687213427037e+01
-4.463853464506981084e+01
-4.511099450574207026e+01
-4.520067715878218451e+01
-4.667412510943109538e+01
-4.527812035389327860e+01
-4.511351066412204602e+01
-4.569251200972327354e+01
-4.572787040790019830e+01
-4.727696172256870710e+01
-4.830459609542148769e+01
-4.953167442333705139e+01
-4.775819004130411116e+01
-4.689487629079154374e+01
-4.629155764297343012e+01
-4.620620374606990310e+01
-4.690460406637920698e+01
-4.744806107981891330e+01
-4.715772774454854499e+01
-4.658347255684603994e+01
-4.652583473104960632e+01
-4.775539881328839442e+01
-4.960342330497078223e+01
-5.084149539394239525e+01
-5.097141147678187423e+01
-5.149840515002000529e+01
-4.950130626802866374e+01
-4.799298716689217770e+01
-4.665329809103298686e+01
-4.640318866538778764e+01
-4.709625635984556880e+01
-4.800564587554109863e+01
-4.954034266175121104e+01
-4.998087455282588110e+01
-4.820979170469044561e+01
-4.770475076854671670e+01
-4.823332739365572053e+01
-4.827545664958155669e+01
-4.886276242725251961e+01
-4.838099657847621415e+01
-4.615366683156990746e+01
-4.531585236540653483e+01
-4.656528367112260014e+01
-4.774823617359338357e+01
-4.790551031557712491e+01
-4.571983431939014508e+01
-4.368318761086825219e+01
-4.283486441630488173e+01
-4.222694087610157965e+01
-4.132949514309781591e+01
-4.054888351991063189e+01
-4.082761413425171781e+01
-4.135718194658304014e+01
-4.055769591022705356e+01
-3.919717353347994049e+01
-3.749500589186108357e+01
-3.710658284896457815e+01
-3.807953456945796944e+01
-3.842205894273421762e+01
-3.752783586722928533e+01
-3.632120650345830626e+01
-3.537855500550698196e+01
-3.555934375068161302e+01
-3.416215547115179163e+01
-3.610885551640728863e+01
-2.718977434335591425e+01
-2.273284963386774393e+01
-2.143812378497056770e+01
-2.202722895110540335e+01
-2.455991998524716990e+01
-2.782843529575284691e+01
-3.041670934821931738e+01
-3.054765950471434977e+01
-3.349115122920913024e+01
-3.086967397500748689e+01
-3.048922007699587411e+01
-2.734269750812541133e+01
-1.664612903033947333e+01
-1.120778748302105043e+01
-8.231612110632649859e+00
-7.135694195340622770e+00
-8.231612110632651635e+00
-1.120778748302105221e+01
-1.664612903033947333e+01
-2.734269750812540423e+01
-3.048922007699592740e+01
-3.086967397500749399e+01
-3.349115122920912313e+01
-3.054765950471427871e+01
-3.041670934821940619e+01
-2.782843529575296770e+01
-2.455991998524731201e+01
-2.202722895110540335e+01
-2.143812378497063520e+01
-2.273284963386778657e+01
-2.718977434335595333e+01
-3.610885551640738100e+01
-3.416215547115183426e+01
-3.555934375068160591e+01
-3.537855500550693932e+01
-3.632120650345833468e+01
-3.752783586722935638e+01
-3.842205894273455158e+01
-3.807953456945814708e+01
-3.710658284896457815e+01
-3.749500589185964827e+01
-3.919717353347920863e+01
-4.055769591022656329e+01
-4.135718194658344515e+01
-4.082761413425167518e+01
-4.054888351991061768e+01
-4.132949514309754591e+01
-4.222694087610194202e+01
-4.283486441630558517e+01
-4.368318761087120095e+01
-4.571983431939840870e+01
-4.790551031557712491e+01
-4.774823617361747807e+01
-4.656528367113398303e+01
-4.531585236540884409e+01
-4.615366683156992877e+01
-4.838099657847637047e+01
-4.886276242725253383e+01
-4.827545664958235250e+01
-4.823332739365470445e+01
-4.770475076854397400e+01
-4.820979170468149277e+01
-4.998087455282622926e+01
-4.954034266175121104e+01
-4.800564587551204454e+01
-4.709625635983520908e+01
-4.640318866538574838e+01
-4.665329809103270975e+01
-4.799298716689164479e+01
-4.950130626802844347e+01
-5.149840515001973529e+01
-5.097141147678019735e+01
-5.084149539394189077e+01
-4.960342330497490337e+01
-4.775539881330013259e+01
-4.652583473104960632e+01
-4.658347255683990795e+01
-4.715772774455203376e+01
-4.744806107982107335e+01
-4.690460406637890856e+01
-4.620620374607093339e+01
-4.629155764297340170e+01
-4.689487629079191322e+01
-4.775819004130266876e+01
-4.953167442334003567e+01
-4.830459609542901944e+01
-4.727696172256969476e+01
-4.572787040790019830e+01
-4.569251200972905735e+01
-4.511351066412732536e+01
-4.527812035389459311e+01
-4.667412510943097459e+01
-4.520067715878209214e+01
-4.511099450574201342e+01
-4.463853464507007374e+01
-4.243490687213432011e+01
-4.201047819344399414e+01
-4.183812452237280155e+01
-4.098806880731735447e+01
-4.102406680860096344e+01
-4.236310814856986440e+01
-4.361118932997251818e+01
-4.319178744004967996e+01
-4.204162320059928959e+01
-4.172920812945018554e+01
-4.218034638142572135e+01
-4.249672886483886458e+01
-4.289859824390148191e+01
-4.359806760371091627e+01
-4.290422706018191690e+01
-4.126203447987384720e+01
-4.027774348678362060e+01
-4.001999486221754410e+01
-4.101700434888662272e+01
-4.318130563667062205e+01
-4.477866834957276154e+01
-4.596864203094506252e+01
-4.417744782159963535e+01
-4.308403338043751774e+01
-4.288084681778848051e+01
-4.217557168620292884e+01
-4.194507540367716558e+01
-4.374863820163309924e+01
-4.563827143569095313e+01
-4.188085339880232283e+01
-4.052301093270862964e+01
-4.059485428458415157e+01
-4.126076417041684152e+01
-4.237831919981669415e+01
