-6.589444813669472012e+01
-6.588833069122975417e+01
-6.588932305750206808e+01
-6.589081995125310698e+01
-6.586585972577847770e+01
-6.587342647069016266e+01
-6.586584651683568836e+01
-6.582639986982671587e+01
-6.586743981826660388e+01
-6.580728749862116445e+01
-6.581148099033278243e+01
-6.581391327160024218e+01
-6.577202769239468694e+01
-6.578656522748487134e+01
-6.576321135605410007e+01
-6.575947059531853256e+01
-6.575032412247236380e+01
-6.575126441727132942e+01
-6.574678638704136802e+01
-6.576361653416169872e+01
-6.575353711959013481e+01
-6.577765133784147622e+01
-6.574554360010978371e+01
-6.580887189670987425e+01
-6.567073613762087803e+01
-6.557402312520520127e+01
-6.553000159047120121e+01
-6.509543068545973199e+01
-6.409486726200913154e+01
-6.408439557811394138e+01
-6.352899530188378208e+01
-5.950833680420704042e+01
-6.028732487203120627e+01
-5.635984765880522929e+01
-5.287141883176811064e+01
-5.443427047484810544e+01
-4.520200719908268638e+01
-4.179412345496586312e+01
-4.410996190145068852e+01
-3.780329963419634254e+01
-3.544157629667843423e+01
-3.214768228397834804e+01
-2.556361385897425009e+01
-2.360516673068297422e+01
-2.103597519938505300e+01
-1.546915949511517141e+01
-1.337565746581766568e+01
-1.403212479728776074e+01
-1.141612289043749406e+01
-9.778825288377055003e+00
-1.141612289043749406e+01
-1.403212479728776430e+01
-1.337565746581766568e+01
-1.546915949511517674e+01
-2.103597519938504945e+01
-2.360516673068300264e+01
-2.556361385897427851e+01
-3.214768228397842620e+01
-3.544157629667843423e+01
-3.780329963419805495e+01
-4.410996190144803819e+01
-4.179412345496626102e+01
-4.520200719908481091e+01
-5.443427047485597825e+01
-5.287141883177493895e+01
-5.635984765881717351e+01
-6.028732487206740132e+01
-5.950833680420704042e+01
-6.352899530249509041e+01
-6.408439557819492904e+01
-6.409486726185542693e+01
-6.509543068568382296e+01
-6.553000159073172881e+01
-6.557402312484741458e+01
-6.567073613792472031e+01
-6.580887189677699212e+01
-6.574554360010978371e+01
-6.577765133771875128e+01
-6.575353712003636986e+01
-6.576361653357938053e+01
-6.574678638730486568e+01
-6.575126441736220784e+01
-6.575032412213106170e+01
-6.575947059549692142e+01
-6.576321135639716431e+01
-6.578656522748487134e+01
-6.577202769211133671e+01
-6.581391327176586969e+01
-6.581148099012166597e+01
-6.580728749863030203e+01
-6.586743981829114603e+01
-6.582639986978757918e+01
-6.586584651677694069e+01
-6.587342647112237159e+01
-6.586585972577847770e+01
-6.589081995041871664e+01
-6.588932305787464827e+01
-6.588833069108770246e+01
-6.589444813677974366e+01
