-6.992613463378773986e+01
-6.992870548719943713e+01
-6.989614285314561926e+01
-6.983936039055001288e+01
-6.984511819035512303e+01
-6.972979847172530299e+01
-6.970987454301690889e+01
-6.958527618583482877e+01
-6.954130813978477477e+01
-6.940051713791427801e+01
-6.929880655305113635e+01
-6.921144265081301228e+01
-6.902414553454099178e+01
-6.892738164837395232e+01
-6.876280635948933195e+01
-6.860118417020512993e+01
-6.844006347963274095e+01
-6.825859667191980407e+01
-6.809286112760560172e+01
-6.787468296795265132e+01
-6.769804166821545266e+01
-6.748595111222701348e+01
-6.727443821068416696e+01
-6.705397575769255525e+01
-6.684174791161710516e+01
-6.660373621633991092e+01
-6.637079365539004527e+01
-6.615629580161358092e+01
-6.589052552427808962e+01
-6.568637145929510268e+01
-6.542797797911572388e+01
-6.520474316654718905e+01
-6.496473172701043097e+01
-6.471657390807571630e+01
-6.443845681063694997e+01
-6.408290362358864911e+01
-6.357417220935583657e+01
-6.281460476013700145e+01
-6.172570369354822617e+01
-6.025589669480118715e+01
-5.832553362163079669e+01
-5.566772659456824357e+01
-5.206547944817523188e+01
-4.770208201396241066e+01
-4.256436093440049717e+01
-3.254617157398956095e+01
-2.399244578723591204e+01
-1.922516411667789882e+01
-1.530907973725911120e+01
-1.386691696234905002e+01
-1.530907973725911120e+01
-1.922516411667790592e+01
-2.399244578723591204e+01
-3.254617157398953253e+01
-4.256436093440062507e+01
-4.770208201396175696e+01
-5.206547944817821616e+01
-5.566772659455965311e+01
-5.832553362163079669e+01
-6.025589669479374066e+01
-6.172570369353774566e+01
-6.281460476015826799e+01
-6.357417220935721502e+01
-6.408290362360499159e+01
-6.443845681064560438e+01
-6.471657390809691890e+01
-6.496473172704217802e+01
-6.520474316654718905e+01
-6.542797797946570881e+01
-6.568637145913807274e+01
-6.589052552432663390e+01
-6.615629580162516277e+01
-6.637079365540134290e+01
-6.660373621635207542e+01
-6.684174791167778551e+01
-6.705397575749597650e+01
-6.727443821068416696e+01
-6.748595111272319969e+01
-6.769804166802838097e+01
-6.787468296800064138e+01
-6.809286112764161203e+01
-6.825859667193752500e+01
-6.844006347963164671e+01
-6.860118417029602256e+01
-6.876280635918783446e+01
-6.892738164837395232e+01
-6.902414553484095450e+01
-6.921144265069113999e+01
-6.929880655307739801e+01
-6.940051713796086119e+01
-6.954130813977283765e+01
-6.958527618582766650e+01
-6.970987454313373632e+01
-6.972979847135198384e+01
-6.984511819035512303e+01
-6.983936039138312424e+01
-6.989614285282712558e+01
-6.992870548724350499e+01
-6.992613463376814309e+01
