-5.100000000000000000e+02 -1.671763325720237674e+02
-5.000000000000000000e+02 -7.838089729443251485e+01
-4.900000000000000000e+02 -7.189209258166341954e+01
-4.800000000000000000e+02 -6.553553686415560264e+01
-4.700000000000000000e+02 -6.326519274626409839e+01
-4.600000000000000000e+02 -6.038466047554089755e+01
-4.500000000000000000e+02 -5.561621671390728494e+01
-4.400000000000000000e+02 -5.265702490634288324e+01
-4.300000000000000000e+02 -5.112724443592247781e+01
-4.200000000000000000e+02 -5.044152937696428296e+01
-4.100000000000000000e+02 -5.001827350087388169e+01
-4.000000000000000000e+02 -4.952624534208645457e+01
-3.900000000000000000e+02 -4.899510813366375572e+01
-3.800000000000000000e+02 -4.845469228725713151e+01
-3.700000000000000000e+02 -4.791706313789100591e+01
-3.600000000000000000e+02 -4.737788087553819594e+01
-3.500000000000000000e+02 -4.683464472829125924e+01
-3.400000000000000000e+02 -4.627353020800689620e+01
-3.300000000000000000e+02 -4.568783980694708191e+01
-3.200000000000000000e+02 -4.507567945408769106e+01
-3.100000000000000000e+02 -4.443852186951623651e+01
-3.000000000000000000e+02 -4.378689525415761352e+01
-2.900000000000000000e+02 -4.313053780921258351e+01
-2.800000000000000000e+02 -4.248691756429795419e+01
-2.700000000000000000e+02 -4.187014247276056267e+01
-2.600000000000000000e+02 -4.129593959743800013e+01
-2.500000000000000000e+02 -4.076671779790925143e+01
-2.400000000000000000e+02 -4.026761185570961032e+01
-2.300000000000000000e+02 -3.976820191111809066e+01
-2.200000000000000000e+02 -3.924788482115484101e+01
-2.100000000000000000e+02 -3.870902443256583325e+01
-2.000000000000000000e+02 -3.815220993622145329e+01
-1.900000000000000000e+02 -3.756466810420086233e+01
-1.800000000000000000e+02 -3.696706454421556742e+01
-1.700000000000000000e+02 -3.640793823127238227e+01
-1.600000000000000000e+02 -3.578713136536660500e+01
-1.500000000000000000e+02 -3.481346515555271282e+01
-1.400000000000000000e+02 -3.340531654052627886e+01
-1.300000000000000000e+02 -3.218908922995143485e+01
-1.200000000000000000e+02 -3.216107966249105488e+01
-1.100000000000000000e+02 -3.393048400819558452e+01
-1.000000000000000000e+02 -3.573295822732495708e+01
-9.000000000000000000e+01 -3.468832189716520986e+01
-8.000000000000000000e+01 -2.633907448834841603e+01
-7.000000000000000000e+01 -2.450025565680331852e+01
-6.000000000000000000e+01 -1.991108389574921134e+01
-5.000000000000000000e+01 -1.486622061115015114e+01
-4.000000000000000000e+01 -1.232486670966679121e+01
-3.000000000000000000e+01 -8.896735967258628364e+00
-2.000000000000000000e+01 -3.954055664420604188e+00
-1.000000000000000000e+01 -9.645216826320052173e-01
0.000000000000000000e+00 0.000000000000000000e+00
1.000000000000000000e+01 -9.645216826320052173e-01
2.000000000000000000e+01 -3.954055664420603744e+00
3.000000000000000000e+01 -8.896735967258624811e+00
4.000000000000000000e+01 -1.232486670966678410e+01
5.000000000000000000e+01 -1.486622061115014048e+01
6.000000000000000000e+01 -1.991108389574919357e+01
7.000000000000000000e+01 -2.450025565680337536e+01
8.000000000000000000e+01 -2.633907448834857590e+01
9.000000000000000000e+01 -3.468832189716641068e+01
1.000000000000000000e+02 -3.573295822732425364e+01
1.100000000000000000e+02 -3.393048400819444765e+01
1.200000000000000000e+02 -3.216107966248992511e+01
1.300000000000000000e+02 -3.218908922995056798e+01
1.400000000000000000e+02 -3.340531654052580279e+01
1.500000000000000000e+02 -3.481346515555208754e+01
1.600000000000000000e+02 -3.578713136536640604e+01
1.700000000000000000e+02 -3.640793823127111040e+01
1.800000000000000000e+02 -3.696706454421607191e+01
1.900000000000000000e+02 -3.756466810420096891e+01
2.000000000000000000e+02 -3.815220993622013879e+01
2.100000000000000000e+02 -3.870902443256597536e+01
2.200000000000000000e+02 -3.924788482115604893e+01
2.300000000000000000e+02 -3.976820191112187786e+01
2.400000000000000000e+02 -4.026761185571614732e+01
2.500000000000000000e+02 -4.076671779791512051e+01
2.600000000000000000e+02 -4.129593959744017440e+01
2.700000000000000000e+02 -4.187014247276043477e+01
2.800000000000000000e+02 -4.248691756429898447e+01
2.900000000000000000e+02 -4.313053780921541858e+01
3.000000000000000000e+02 -4.378689525415975936e+01
3.100000000000000000e+02 -4.443852186951033900e+01
3.200000000000000000e+02 -4.507567945408531074e+01
3.300000000000000000e+02 -4.568783980694445290e+01
3.400000000000000000e+02 -4.627353020799365879e+01
3.500000000000000000e+02 -4.683464472825724556e+01
3.600000000000000000e+02 -4.737788087548574367e+01
3.700000000000000000e+02 -4.791706313786424687e+01
3.800000000000000000e+02 -4.845469228724297750e+01
3.900000000000000000e+02 -4.899510813366547524e+01
4.000000000000000000e+02 -4.952624534208894147e+01
4.100000000000000000e+02 -5.001827350087023660e+01
4.200000000000000000e+02 -5.044152937696951255e+01
4.300000000000000000e+02 -5.112724443593781132e+01
4.400000000000000000e+02 -5.265702490633164246e+01
4.500000000000000000e+02 -5.561621671390903998e+01
4.600000000000000000e+02 -6.038466047559172978e+01
4.700000000000000000e+02 -6.326519274625066203e+01
4.800000000000000000e+02 -6.553553686338713646e+01
4.900000000000000000e+02 -7.189209257994222924e+01
5.000000000000000000e+02 -7.838089729013989881e+01
